R 0.436 1.089 -2.682 11477010443000000 0.360 0.600 -4.800 0.002
L 0.219 0.686 0 11477010443050000 0.120 0.600 -4.801 0.005
R 0.505 1.733 0.953 11477010443100000 -0.120 0.601 -4.801 0.010
L -0.307 0.557 0 11477010443150000 -0.360 0.601 -4.802 0.017
R 0.570 2.407 3.675 11477010443200000 -0.600 0.602 -4.802 0.025
L -0.921 0.498 0 11477010443250000 -0.840 0.604 -4.803 0.035
R 1.150 2.624 4.419 11477010443300000 -1.080 0.606 -4.804 0.046
L -1.217 0.564 0 11477010443350000 -1.321 0.608 -4.805 0.060
R 1.432 2.736 4.188 11477010443400000 -1.561 0.612 -4.806 0.075
L -1.466 0.627 0 11477010443450000 -1.801 0.616 -4.807 0.091
R 1.858 2.820 4.532 11477010443500000 -2.041 0.621 -4.808 0.109
L -2.285 0.787 0 11477010443550000 -2.282 0.627 -4.809 0.129
R 2.545 2.957 4.685 11477010443600000 -2.522 0.634 -4.810 0.151
L -2.747 0.847 0 11477010443650000 -2.763 0.642 -4.811 0.174
R 3.758 2.909 4.573 11477010443700000 -3.003 0.651 -4.812 0.199
L -3.309 0.881 0 11477010443750000 -3.244 0.662 -4.813 0.226
R 3.525 2.967 4.702 11477010443800000 -3.484 0.674 -4.813 0.254
L -3.763 0.400 0 11477010443850000 -3.725 0.687 -4.814 0.284
R 3.870 2.944 4.935 11477010443900000 -3.966 0.702 -4.814 0.315
L -4.432 0.438 0 11477010443950000 -4.206 0.719 -4.815 0.348
R 4.403 3.002 4.888 11477010444000000 -4.447 0.737 -4.815 0.383
L -4.725 0.882 0 11477010444050000 -4.688 0.757 -4.814 0.419
R 4.508 2.952 5.067 11477010444100000 -4.928 0.779 -4.814 0.457
L -5.288 0.714 0 11477010444150000 -5.169 0.803 -4.813 0.497
R 5.509 3.030 5.190 11477010444200000 -5.409 0.829 -4.811 0.538
L -5.563 1.052 0 11477010444250000 -5.650 0.857 -4.809 0.581
R 6.421 2.943 4.521 11477010444300000 -5.890 0.887 -4.807 0.625
L -5.883 0.886 0 11477010444350000 -6.130 0.919 -4.804 0.671
R 6.027 2.984 5.356 11477010444400000 -6.370 0.954 -4.801 0.719
L -6.753 0.884 0 11477010444450000 -6.610 0.991 -4.797 0.768
R 6.690 2.997 5.064 11477010444500000 -6.850 1.031 -4.792 0.819
L -7.109 1.234 0 11477010444550000 -7.089 1.073 -4.786 0.871
R 7.576 3.031 4.865 11477010444600000 -7.328 1.118 -4.780 0.924
L -7.563 1.150 0 11477010444650000 -7.567 1.166 -4.773 0.980
R 7.337 2.989 4.892 11477010444700000 -7.805 1.216 -4.765 1.036
L -8.002 1.179 0 11477010444750000 -8.043 1.269 -4.756 1.094
R 8.261 2.929 5.021 11477010444800000 -8.281 1.325 -4.746 1.154
L -8.472 1.302 0 11477010444850000 -8.518 1.385 -4.735 1.215
R 9.054 2.991 4.169 11477010444900000 -8.754 1.447 -4.723 1.277
L -8.973 1.583 0 11477010444950000 -8.990 1.512 -4.710 1.341
R 8.799 3.002 5.136 11477010445000000 -9.225 1.581 -4.696 1.406
L -9.557 1.452 0 11477010445050000 -9.459 1.653 -4.680 1.472
R 9.622 3.027 5.095 11477010445100000 -9.693 1.728 -4.663 1.539
L -10.193 1.866 0 11477010445150000 -9.925 1.807 -4.644 1.608
R 10.342 2.898 4.805 11477010445200000 -10.157 1.889 -4.624 1.678
L -10.205 1.923 0 11477010445250000 -10.387 1.974 -4.603 1.749
R 10.962 2.943 5.239 11477010445300000 -10.617 2.064 -4.580 1.821
L -10.844 1.977 0 11477010445350000 -10.845 2.156 -4.555 1.894
R 11.070 2.929 4.989 11477010445400000 -11.072 2.253 -4.529 1.968
L -11.068 2.397 0 11477010445450000 -11.298 2.353 -4.501 2.043
R 11.874 2.943 4.965 11477010445500000 -11.522 2.457 -4.471 2.118
L -11.810 2.619 0 11477010445550000 -11.745 2.565 -4.440 2.195
R 12.516 2.905 5.265 11477010445600000 -11.966 2.677 -4.406 2.272
L -12.308 2.828 0 11477010445650000 -12.185 2.792 -4.371 2.351
R 12.937 2.946 4.918 11477010445700000 -12.403 2.911 -4.333 2.429
L -12.641 3.122 0 11477010445750000 -12.618 3.035 -4.293 2.508
R 13.275 2.887 4.966 11477010445800000 -12.832 3.162 -4.252 2.588
L -13.012 3.426 0 11477010445850000 -13.043 3.294 -4.208 2.668
R 13.134 2.899 4.764 11477010445900000 -13.252 3.429 -4.162 2.749
L -13.339 3.572 0 11477010445950000 -13.459 3.568 -4.113 2.829
R 14.660 2.840 4.881 11477010446000000 -13.663 3.712 -4.063 2.910
L -13.858 3.777 0 11477010446050000 -13.865 3.859 -4.010 2.991
R 14.681 2.823 4.593 11477010446100000 -14.064 4.011 -3.954 3.072
L -14.250 4.197 0 11477010446150000 -14.260 4.166 -3.897 3.153
R 15.831 2.839 4.621 11477010446200000 -14.453 4.326 -3.837 3.234
L -14.675 4.637 0 11477010446250000 -14.644 4.489 -3.774 3.314
R 15.725 2.832 4.602 11477010446300000 -14.831 4.657 -3.709 3.394
L -14.839 4.857 0 11477010446350000 -15.014 4.829 -3.641 3.474
R 15.850 2.837 4.442 11477010446400000 -15.194 5.004 -3.571 3.553
L -15.460 5.336 0 11477010446450000 -15.371 5.184 -3.498 3.631
R 16.569 2.769 4.135 11477010446500000 -15.544 5.367 -3.423 3.709
L -15.864 5.462 0 11477010446550000 -15.713 5.555 -3.345 3.786
R 16.608 2.826 4.404 11477010446600000 -15.878 5.746 -3.265 3.862
L -15.899 5.914 0 11477010446650000 -16.040 5.940 -3.182 3.936
R 17.461 2.798 4.082 11477010446700000 -16.197 6.139 -3.097 4.010
L -16.313 6.468 0 11477010446750000 -16.349 6.341 -3.009 4.082
R 17.346 2.823 3.953 11477010446800000 -16.497 6.547 -2.918 4.153
L -16.721 6.725 0 11477010446850000 -16.641 6.756 -2.825 4.223
R 18.359 2.737 4.245 11477010446900000 -16.779 6.969 -2.730 4.290
L -17.312 7.321 0 11477010446950000 -16.913 7.185 -2.632 4.357
R 18.667 2.705 3.840 11477010447000000 -17.042 7.405 -2.531 4.421
L -17.117 7.750 0 11477010447050000 -17.167 7.627 -2.428 4.483
R 18.830 2.747 4.192 11477010447100000 -17.285 7.853 -2.323 4.543
L -17.362 7.819 0 11477010447150000 -17.399 8.081 -2.216 4.602
R 19.441 2.658 3.822 11477010447200000 -17.507 8.313 -2.106 4.657
L -17.844 8.519 0 11477010447250000 -17.609 8.547 -1.994 4.711
R 19.319 2.705 3.491 11477010447300000 -17.706 8.783 -1.880 4.762
L -17.776 9.078 0 11477010447350000 -17.797 9.023 -1.763 4.811
R 20.402 2.635 3.233 11477010447400000 -17.882 9.264 -1.645 4.856
L -17.701 9.642 0 11477010447450000 -17.961 9.508 -1.525 4.899
R 20.580 2.616 3.323 11477010447500000 -18.035 9.754 -1.403 4.940
L -18.142 9.970 0 11477010447550000 -18.102 10.002 -1.279 4.977
R 21.015 2.705 3.310 11477010447600000 -18.162 10.252 -1.154 5.011
L -17.949 10.478 0 11477010447650000 -18.217 10.503 -1.026 5.042
R 21.196 2.630 3.750 11477010447700000 -18.265 10.755 -0.898 5.070
L -18.243 10.728 0 11477010447750000 -18.307 11.009 -0.768 5.095
R 21.610 2.607 3.033 11477010447800000 -18.342 11.265 -0.636 5.116
L -18.252 11.808 0 11477010447850000 -18.370 11.521 -0.504 5.134
R 21.972 2.577 3.168 11477010447900000 -18.392 11.778 -0.370 5.149
L -18.398 11.982 0 11477010447950000 -18.407 12.036 -0.235 5.159
R 21.868 2.560 3.436 11477010448000000 -18.416 12.294 -0.100 5.167
L -18.533 12.575 0 11477010448050000 -18.417 12.552 0.036 5.170
R 22.606 2.504 2.982 11477010448100000 -18.412 12.811 0.173 5.170
L -18.491 13.149 0 11477010448150000 -18.400 13.069 0.310 5.166
R 22.691 2.559 2.451 11477010448200000 -18.381 13.327 0.448 5.158
L -18.262 13.686 0 11477010448250000 -18.355 13.585 0.586 5.147
R 23.379 2.458 2.695 11477010448300000 -18.322 13.841 0.724 5.131
L -18.270 14.128 0 11477010448350000 -18.283 14.097 0.862 5.112
R 23.619 2.462 2.262 11477010448400000 -18.236 14.352 1.000 5.089
L -18.174 14.494 0 11477010448450000 -18.183 14.606 1.137 5.062
R 23.820 2.436 1.819 11477010448500000 -18.122 14.858 1.274 5.031
L -18.008 15.196 0 11477010448550000 -18.055 15.109 1.411 4.996
R 23.648 2.404 2.388 11477010448600000 -17.981 15.358 1.546 4.957
L -17.904 15.595 0 11477010448650000 -17.901 15.605 1.681 4.914
R 23.420 2.436 2.245 11477010448700000 -17.813 15.849 1.815 4.867
L -17.712 16.035 0 11477010448750000 -17.719 16.091 1.948 4.817
R 24.329 2.448 2.532 11477010448800000 -17.618 16.331 2.079 4.763
L -17.306 16.544 0 11477010448850000 -17.511 16.567 2.209 4.705
R 23.795 2.384 1.208 11477010448900000 -17.398 16.801 2.338 4.643
L -17.341 17.083 0 11477010448950000 -17.278 17.032 2.465 4.578
R 24.480 2.358 0.797 11477010449000000 -17.151 17.259 2.590 4.509
L -17.047 17.699 0 11477010449050000 -17.019 17.482 2.713 4.436
R 24.139 2.336 0.989 11477010449100000 -16.880 17.702 2.834 4.360
L -16.809 17.961 0 11477010449150000 -16.735 17.918 2.952 4.281
R 24.355 2.304 1.023 11477010449200000 -16.585 18.130 3.069 4.198
L -16.315 18.044 0 11477010449250000 -16.428 18.338 3.183 4.112
R 24.635 2.311 1.031 11477010449300000 -16.267 18.542 3.295 4.022
L -16.073 18.723 0 11477010449350000 -16.099 18.740 3.404 3.930
R 24.676 2.252 0.524 11477010449400000 -15.926 18.934 3.510 3.835
L -15.715 19.282 0 11477010449450000 -15.748 19.124 3.613 3.736
R 24.860 2.260 0.269 11477010449500000 -15.565 19.308 3.714 3.635
L -15.417 19.617 0 11477010449550000 -15.377 19.487 3.811 3.531
R 24.841 2.228 -0.021 11477010449600000 -15.184 19.661 3.906 3.425
L -14.917 20.007 0 11477010449650000 -14.986 19.830 3.997 3.316
R 25.177 2.274 -0.011 11477010449700000 -14.784 19.993 4.085 3.205
L -14.776 20.103 0 11477010449750000 -14.578 20.150 4.170 3.092
R 24.599 2.219 0.172 11477010449800000 -14.367 20.302 4.251 2.977
L -14.067 20.503 0 11477010449850000 -14.153 20.448 4.329 2.859
R 24.685 2.166 -0.348 11477010449900000 -13.934 20.588 4.403 2.740
L -13.840 20.778 0 11477010449950000 -13.712 20.722 4.474 2.619
R 24.814 2.151 -0.546 11477010450000000 -13.487 20.850 4.541 2.497
L -13.214 20.974 0 11477010450050000 -13.258 20.972 4.604 2.373
R 24.545 2.085 -0.544 11477010450100000 -13.026 21.087 4.664 2.248
L -12.712 21.343 0 11477010450150000 -12.792 21.197 4.721 2.121
R 24.735 2.110 -0.442 11477010450200000 -12.554 21.299 4.773 1.994
L -12.168 21.535 0 11477010450250000 -12.314 21.396 4.822 1.866
R 24.375 2.051 -0.971 11477010450300000 -12.072 21.486 4.867 1.736
L -11.979 21.757 0 11477010450350000 -11.828 21.570 4.908 1.607
R 24.546 2.049 -0.941 11477010450400000 -11.581 21.647 4.946 1.476
L -11.157 21.571 0 11477010450450000 -11.333 21.717 4.980 1.346
R 24.562 2.063 -1.029 11477010450500000 -11.083 21.781 5.011 1.215
L -10.824 21.646 0 11477010450550000 -10.832 21.839 5.037 1.084
R 24.400 1.996 -1.586 11477010450600000 -10.579 21.890 5.060 0.953
L -10.202 21.894 0 11477010450650000 -10.326 21.934 5.080 0.822
R 23.706 2.001 -1.658 11477010450700000 -10.071 21.972 5.096 0.691
L -9.770 21.972 0 11477010450750000 -9.816 22.003 5.108 0.561
R 23.858 1.980 -1.942 11477010450800000 -9.560 22.028 5.117 0.431
L -9.410 22.165 0 11477010450850000 -9.304 22.046 5.122 0.302
R 23.667 1.963 -2.084 11477010450900000 -9.048 22.058 5.125 0.174
L -8.657 22.108 0 11477010450950000 -8.792 22.064 5.123 0.046
R 24.032 1.937 -2.597 11477010451000000 -8.535 22.063 5.119 -0.080
L -8.108 22.130 0 11477010451050000 -8.279 22.056 5.111 -0.206
R 23.681 1.874 -2.309 11477010451100000 -8.024 22.042 5.101 -0.330
L -7.760 22.129 0 11477010451150000 -7.769 22.023 5.087 -0.454
R 23.380 1.905 -2.816 11477010451200000 -7.515 21.997 5.070 -0.576
L -7.272 21.997 0 11477010451250000 -7.262 21.965 5.051 -0.696
R 22.929 1.855 -2.602 11477010451300000 -7.010 21.927 5.028 -0.815
L -6.960 21.824 0 11477010451350000 -6.759 21.884 5.003 -0.933
R 22.851 1.910 -2.253 11477010451400000 -6.509 21.834 4.976 -1.049
L -6.538 21.775 0 11477010451450000 -6.261 21.779 4.946 -1.163
R 21.945 1.830 -2.211 11477010451500000 -6.015 21.718 4.913 -1.275
L -5.862 21.698 0 11477010451550000 -5.770 21.651 4.878 -1.386
R 22.638 1.836 -3.028 11477010451600000 -5.527 21.579 4.841 -1.495
L -5.242 21.590 0 11477010451650000 -5.285 21.502 4.802 -1.601
R 21.932 1.723 -2.762 11477010451700000 -5.046 21.419 4.760 -1.706
L -4.884 21.520 0 11477010451750000 -4.809 21.331 4.717 -1.809
R 21.411 1.821 -2.395 11477010451800000 -4.574 21.238 4.672 -1.910
L -4.209 21.678 0 11477010451850000 -4.342 21.140 4.625 -2.008
R 21.674 1.717 -2.596 11477010451900000 -4.112 21.037 4.577 -2.105
L -4.127 20.910 0 11477010451950000 -3.884 20.930 4.527 -2.199
R 21.177 1.740 -3.426 11477010452000000 -3.659 20.817 4.475 -2.291
L -3.361 20.535 0 11477010452050000 -3.436 20.700 4.422 -2.381
R 20.929 1.759 -3.001 11477010452100000 -3.216 20.579 4.368 -2.469
L -2.854 20.522 0 11477010452150000 -2.999 20.453 4.313 -2.555
R 20.355 1.635 -2.837 11477010452200000 -2.785 20.323 4.256 -2.638
L -2.625 20.178 0 11477010452250000 -2.573 20.190 4.199 -2.719
R 20.348 1.668 -3.427 11477010452300000 -2.365 20.052 4.141 -2.798
L -2.139 19.668 0 11477010452350000 -2.159 19.910 4.082 -2.874
R 19.530 1.676 -3.576 11477010452400000 -1.956 19.764 4.022 -2.949
L -1.652 19.540 0 11477010452450000 -1.757 19.615 3.962 -3.021
R 19.272 1.609 -3.828 11477010452500000 -1.560 19.462 3.901 -3.091
L -1.359 19.347 0 11477010452550000 -1.366 19.306 3.840 -3.159
R 18.879 1.625 -3.728 11477010452600000 -1.176 19.146 3.779 -3.224
L -1.085 18.897 0 11477010452650000 -0.988 18.983 3.717 -3.288
R 18.677 1.587 -3.374 11477010452700000 -0.804 18.817 3.655 -3.349
L -0.656 18.803 0 11477010452750000 -0.623 18.648 3.594 -3.408
R 18.270 1.599 -3.703 11477010452800000 -0.444 18.476 3.532 -3.465
L -0.473 18.242 0 11477010452850000 -0.269 18.301 3.470 -3.520
R 18.205 1.593 -3.959 11477010452900000 -0.097 18.124 3.408 -3.574
L 0.090 17.951 0 11477010452950000 0.072 17.944 3.347 -3.625
R 17.481 1.528 -3.328 11477010453000000 0.238 17.761 3.286 -3.674
L 0.485 17.581 0 11477010453050000 0.401 17.576 3.225 -3.721
R 17.920 1.468 -3.330 11477010453100000 0.560 17.389 3.164 -3.767
L 0.559 17.108 0 11477010453150000 0.717 17.199 3.105 -3.810
R 17.056 1.526 -3.714 11477010453200000 0.871 17.008 3.045 -3.852
L 0.842 16.868 0 11477010453250000 1.022 16.814 2.987 -3.892
R 16.904 1.489 -4.081 11477010453300000 1.170 16.618 2.929 -3.930
L 1.104 16.291 0 11477010453350000 1.315 16.421 2.871 -3.967
R 16.295 1.486 -3.900 11477010453400000 1.457 16.222 2.815 -4.002
L 1.804 15.923 0 11477010453450000 1.597 16.021 2.759 -4.035
R 15.826 1.519 -3.751 11477010453500000 1.733 15.818 2.705 -4.067
L 1.434 15.577 0 11477010453550000 1.867 15.614 2.651 -4.098
R 15.949 1.413 -3.752 11477010453600000 1.998 15.408 2.598 -4.127
L 2.013 15.147 0 11477010453650000 2.127 15.201 2.546 -4.154
R 15.300 1.415 -4.181 11477010453700000 2.253 14.992 2.495 -4.181
L 2.395 14.611 0 11477010453750000 2.377 14.783 2.446 -4.206
R 14.405 1.422 -4.004 11477010453800000 2.498 14.572 2.397 -4.229
L 2.724 14.470 0 11477010453850000 2.616 14.360 2.350 -4.252
R 14.480 1.350 -4.192 11477010453900000 2.733 14.146 2.303 -4.273
L 2.811 13.828 0 11477010453950000 2.847 13.932 2.258 -4.293
R 13.547 1.370 -3.972 11477010454000000 2.959 13.717 2.215 -4.312
L 2.806 13.429 0 11477010454050000 3.069 13.501 2.172 -4.330
R 13.698 1.381 -3.601 11477010454100000 3.176 13.284 2.131 -4.347
L 3.313 13.110 0 11477010454150000 3.282 13.066 2.092 -4.363
R 12.732 1.292 -3.397 11477010454200000 3.385 12.847 2.053 -4.378
L 3.294 12.964 0 11477010454250000 3.487 12.628 2.016 -4.392
R 13.073 1.269 -3.631 11477010454300000 3.587 12.408 1.981 -4.405
L 3.691 12.176 0 11477010454350000 3.685 12.188 1.946 -4.417
R 12.426 1.296 -3.474 11477010454400000 3.782 11.966 1.914 -4.429
L 3.950 11.753 0 11477010454450000 3.877 11.745 1.882 -4.440
R 12.510 1.257 -3.771 11477010454500000 3.970 11.522 1.853 -4.450
L 4.047 11.068 0 11477010454550000 4.062 11.300 1.824 -4.459
R 12.289 1.187 -3.373 11477010454600000 4.153 11.076 1.798 -4.468
L 4.149 11.096 0 11477010454650000 4.242 10.853 1.772 -4.476
R 11.604 1.207 -3.513 11477010454700000 4.330 10.629 1.749 -4.483
L 4.421 10.494 0 11477010454750000 4.417 10.404 1.726 -4.490
R 11.252 1.134 -3.366 11477010454800000 4.503 10.180 1.706 -4.496
L 4.484 9.992 0 11477010454850000 4.588 9.955 1.687 -4.502
R 11.296 1.116 -3.521 11477010454900000 4.671 9.729 1.669 -4.507
L 4.659 9.723 0 11477010454950000 4.754 9.504 1.653 -4.512
R 11.288 1.163 -3.067 11477010455000000 4.837 9.278 1.639 -4.516
L 4.632 8.980 0 11477010455050000 4.918 9.052 1.626 -4.519
R 9.918 1.035 -3.260 11477010455100000 4.999 8.826 1.615 -4.523
L 5.059 8.566 0 11477010455150000 5.080 8.600 1.605 -4.525
R 9.836 0.994 -2.714 11477010455200000 5.160 8.374 1.597 -4.528
L 5.187 8.027 0 11477010455250000 5.240 8.147 1.591 -4.529
R 9.405 0.947 -2.652 11477010455300000 5.319 7.921 1.586 -4.531
L 5.325 7.660 0 11477010455350000 5.398 7.694 1.583 -4.532
R 9.295 0.904 -2.519 11477010455400000 5.477 7.468 1.581 -4.532
L 5.342 7.175 0 11477010455450000 5.557 7.241 1.581 -4.532
R 8.858 0.898 -1.918 11477010455500000 5.636 7.014 1.583 -4.532
L 5.851 6.784 0 11477010455550000 5.715 6.788 1.586 -4.531
R 8.722 0.882 -2.503 11477010455600000 5.794 6.561 1.591 -4.530
L 5.707 6.338 0 11477010455650000 5.874 6.335 1.597 -4.528
R 7.930 0.780 -2.226 11477010455700000 5.954 6.108 1.605 -4.526
L 5.951 5.937 0 11477010455750000 6.035 5.882 1.615 -4.523
R 8.208 0.758 -2.429 11477010455800000 6.116 5.656 1.626 -4.520
L 6.042 5.520 0 11477010455850000 6.197 5.430 1.639 -4.517
R 8.079 0.695 -1.870 11477010455900000 6.280 5.205 1.654 -4.513
L 6.310 4.931 0 11477010455950000 6.363 4.979 1.670 -4.508
R 8.412 0.689 -1.729 11477010456000000 6.446 4.754 1.687 -4.503
L 6.646 4.285 0 11477010456050000 6.531 4.529 1.706 -4.498
R 7.622 0.568 -0.919 11477010456100000 6.617 4.304 1.727 -4.492
L 6.784 3.852 0 11477010456150000 6.704 4.080 1.749 -4.485
R 7.819 0.495 -0.430 11477010456200000 6.792 3.856 1.773 -4.478
L 6.605 3.662 0 11477010456250000 6.881 3.632 1.798 -4.470
R 7.512 0.464 -0.344 11477010456300000 6.972 3.409 1.825 -4.461
L 7.178 3.433 0 11477010456350000 7.064 3.186 1.854 -4.452
R 7.906 0.453 0.388 11477010456400000 7.157 2.964 1.883 -4.442
L 7.235 2.796 0 11477010456450000 7.252 2.742 1.915 -4.431
R 8.271 0.335 0.127 11477010456500000 7.349 2.521 1.947 -4.420
L 7.331 2.360 0 11477010456550000 7.447 2.300 1.982 -4.407
R 7.504 0.235 0.311 11477010456600000 7.547 2.080 2.017 -4.394
L 7.586 1.766 0 11477010456650000 7.649 1.861 2.054 -4.380
R 8.176 0.212 1.272 11477010456700000 7.752 1.642 2.093 -4.365
L 7.975 1.016 0 11477010456750000 7.858 1.424 2.133 -4.350
R 8.274 0.181 1.568 11477010456800000 7.965 1.207 2.174 -4.333
L 7.746 0.856 0 11477010456850000 8.075 0.991 2.216 -4.315
R 8.029 0.090 1.971 11477010456900000 8.187 0.776 2.260 -4.296
L 8.344 0.563 0 11477010456950000 8.301 0.562 2.305 -4.276
R 8.949 0.054 2.076 11477010457000000 8.418 0.349 2.351 -4.255
L 8.481 0.292 0 11477010457050000 8.536 0.137 2.399 -4.232
R 9.028 0.000 3.228 11477010457100000 8.657 -0.074 2.447 -4.209
L 8.967 -0.139 0 11477010457150000 8.781 -0.284 2.497 -4.184
R 8.882 0.029 3.197 11477010457200000 8.907 -0.492 2.548 -4.158
L 9.169 -0.603 0 11477010457250000 9.036 -0.700 2.600 -4.130
R 9.378 -0.121 3.233 11477010457300000 9.167 -0.905 2.653 -4.101
L 9.140 -1.303 0 11477010457350000 9.301 -1.110 2.707 -4.071
R 9.450 -0.178 3.873 11477010457400000 9.438 -1.312 2.762 -4.039
L 9.848 -1.577 0 11477010457450000 9.577 -1.513 2.817 -4.005
R 9.909 -0.137 3.304 11477010457500000 9.719 -1.713 2.874 -3.970
L 9.724 -1.828 0 11477010457550000 9.864 -1.910 2.931 -3.934
R 10.143 -0.207 4.237 11477010457600000 10.012 -2.106 2.989 -3.895
L 10.207 -2.311 0 11477010457650000 10.163 -2.299 3.048 -3.855
R 10.150 -0.205 3.459 11477010457700000 10.317 -2.491 3.108 -3.814
L 10.566 -2.860 0 11477010457750000 10.474 -2.681 3.167 -3.770
R 11.021 -0.256 3.610 11477010457800000 10.634 -2.868 3.228 -3.725
L 10.628 -3.030 0 11477010457850000 10.796 -3.053 3.289 -3.677
R 11.407 -0.270 4.714 11477010457900000 10.962 -3.235 3.350 -3.628
L 11.141 -3.409 0 11477010457950000 11.131 -3.415 3.411 -3.577
R 11.679 -0.290 4.595 11477010458000000 11.303 -3.593 3.473 -3.524
L 11.591 -3.891 0 11477010458050000 11.478 -3.768 3.535 -3.469
R 12.549 -0.342 4.517 11477010458100000 11.656 -3.940 3.597 -3.412
L 11.894 -4.238 0 11477010458150000 11.838 -4.109 3.659 -3.352
R 13.231 -0.348 4.753 11477010458200000 12.022 -4.275 3.721 -3.291
L 12.298 -4.453 0 11477010458250000 12.210 -4.437 3.783 -3.227
R 13.115 -0.337 5.147 11477010458300000 12.400 -4.597 3.844 -3.162
L 12.649 -4.632 0 11477010458350000 12.594 -4.753 3.905 -3.094
R 13.950 -0.357 4.679 11477010458400000 12.791 -4.906 3.966 -3.024
L 13.118 -5.150 0 11477010458450000 12.990 -5.056 4.026 -2.952
R 13.634 -0.388 4.789 11477010458500000 13.193 -5.201 4.086 -2.877
L 13.278 -5.505 0 11477010458550000 13.399 -5.343 4.145 -2.801
R 14.712 -0.344 5.590 11477010458600000 13.607 -5.481 4.203 -2.722
L 13.699 -5.679 0 11477010458650000 13.819 -5.615 4.261 -2.641
R 15.482 -0.378 5.352 11477010458700000 14.033 -5.745 4.317 -2.557
L 14.392 -5.965 0 11477010458750000 14.250 -5.871 4.372 -2.472
R 15.808 -0.404 5.232 11477010458800000 14.470 -5.992 4.427 -2.384
L 14.776 -6.071 0 11477010458850000 14.693 -6.109 4.479 -2.294
R 15.920 -0.394 5.336 11477010458900000 14.918 -6.221 4.531 -2.201
L 14.851 -6.215 0 11477010458950000 15.146 -6.329 4.581 -2.107
R 17.003 -0.390 5.069 11477010459000000 15.376 -6.432 4.630 -2.010
L 15.640 -6.576 0 11477010459050000 15.608 -6.530 4.677 -1.912
R 17.062 -0.398 5.558 11477010459100000 15.843 -6.623 4.722 -1.811
L 16.226 -6.977 0 11477010459150000 16.080 -6.711 4.765 -1.708
R 17.218 -0.405 4.766 11477010459200000 16.319 -6.793 4.806 -1.603
L 16.614 -7.090 0 11477010459250000 16.561 -6.871 4.846 -1.496
R 17.993 -0.421 5.081 11477010459300000 16.804 -6.943 4.883 -1.387
L 17.034 -7.124 0 11477010459350000 17.049 -7.009 4.918 -1.277
R 18.412 -0.381 4.847 11477010459400000 17.295 -7.070 4.950 -1.164
L 17.600 -7.002 0 11477010459450000 17.543 -7.126 4.980 -1.050
R 19.253 -0.321 5.455 11477010459500000 17.793 -7.175 5.008 -0.934
L 18.068 -7.135 0 11477010459550000 18.044 -7.219 5.033 -0.816
R 19.315 -0.324 4.715 11477010459600000 18.296 -7.257 5.055 -0.697
L 18.537 -7.270 0 11477010459650000 18.549 -7.289 5.075 -0.576
R 20.791 -0.347 5.059 11477010459700000 18.803 -7.314 5.091 -0.454
L 18.930 -7.293 0 11477010459750000 19.058 -7.334 5.105 -0.331
R 20.555 -0.414 4.743 11477010459800000 19.313 -7.347 5.115 -0.206
L 19.988 -7.223 0 11477010459850000 19.569 -7.355 5.123 -0.080
R 21.344 -0.342 5.049 11477010459900000 19.826 -7.356 5.127 0.046
L 20.319 -7.255 0 11477010459950000 20.082 -7.350 5.128 0.174
R 21.546 -0.374 5.318 11477010460000000 20.338 -7.338 5.126 0.303
L 20.414 -7.354 0 11477010460050000 20.594 -7.320 5.121 0.432
R 22.143 -0.320 4.468 11477010460100000 20.850 -7.295 5.112 0.562
L 21.178 -7.075 0 11477010460150000 21.105 -7.264 5.099 0.692
R 22.694 -0.310 4.788 11477010460200000 21.360 -7.226 5.083 0.823
L 21.569 -7.507 0 11477010460250000 21.613 -7.181 5.063 0.954
R 23.356 -0.293 3.866 11477010460300000 21.866 -7.130 5.040 1.085
L 22.482 -6.841 0 11477010460350000 22.117 -7.073 5.014 1.216
R 23.377 -0.338 3.667 11477010460400000 22.367 -7.009 4.983 1.347
L 22.391 -6.787 0 11477010460450000 22.615 -6.938 4.949 1.477
R 23.951 -0.336 4.510 11477010460500000 22.862 -6.861 4.911 1.608
L 23.059 -7.023 0 11477010460550000 23.106 -6.778 4.870 1.737
R 23.849 -0.318 3.846 11477010460600000 23.348 -6.688 4.824 1.866
L 23.558 -6.668 0 11477010460650000 23.588 -6.591 4.775 1.995
R 25.014 -0.290 4.300 11477010460700000 23.826 -6.488 4.723 2.122
L 23.884 -6.427 0 11477010460750000 24.060 -6.379 4.666 2.249
R 25.115 -0.248 3.633 11477010460800000 24.292 -6.263 4.606 2.374
L 24.614 -6.126 0 11477010460850000 24.521 -6.142 4.543 2.498
R 25.499 -0.234 4.268 11477010460900000 24.746 -6.014 4.475 2.620
L 24.956 -5.973 0 11477010460950000 24.968 -5.880 4.404 2.741
R 25.819 -0.219 3.514 11477010461000000 25.187 -5.740 4.330 2.860
L 25.513 -5.659 0 11477010461050000 25.401 -5.594 4.252 2.978
R 25.849 -0.238 3.262 11477010461100000 25.612 -5.442 4.171 3.093
L 25.513 -5.029 0 11477010461150000 25.818 -5.284 4.086 3.206
R 26.401 -0.201 3.215 11477010461200000 26.020 -5.121 3.998 3.317
L 26.170 -5.157 0 11477010461250000 26.218 -4.953 3.907 3.426
R 26.939 -0.115 2.974 11477010461300000 26.411 -4.779 3.812 3.532
L 26.628 -4.422 0 11477010461350000 26.599 -4.600 3.714 3.636
R 27.210 -0.158 3.390 11477010461400000 26.782 -4.415 3.614 3.737
L 26.760 -4.377 0 11477010461450000 26.960 -4.226 3.510 3.835
R 27.270 -0.131 3.503 11477010461500000 27.133 -4.032 3.404 3.930
L 27.565 -3.846 0 11477010461550000 27.301 -3.833 3.295 4.023
R 28.156 -0.135 2.312 11477010461600000 27.462 -3.630 3.183 4.112
L 27.801 -3.497 0 11477010461650000 27.619 -3.422 3.069 4.198
R 28.265 -0.088 2.337 11477010461700000 27.769 -3.210 2.952 4.280
L 27.844 -2.916 0 11477010461750000 27.914 -2.994 2.834 4.360
R 28.152 -0.086 2.346 11477010461800000 28.053 -2.774 2.712 4.436
L 28.035 -2.470 0 11477010461850000 28.185 -2.550 2.589 4.508
R 28.432 -0.087 1.729 11477010461900000 28.312 -2.323 2.464 4.577
L 28.598 -2.188 0 11477010461950000 28.432 -2.093 2.337 4.643
R 28.766 -0.076 2.214 11477010462000000 28.545 -1.859 2.209 4.704
L 28.826 -1.689 0 11477010462050000 28.653 -1.622 2.079 4.762
R 28.363 -0.060 2.122 11477010462100000 28.753 -1.383 1.947 4.816
L 28.975 -1.039 0 11477010462150000 28.847 -1.141 1.815 4.866
R 28.467 -0.011 1.808 11477010462200000 28.935 -0.896 1.681 4.913
L 29.017 -0.635 0 11477010462250000 29.015 -0.649 1.546 4.955
R 28.962 0.006 1.042 11477010462300000 29.089 -0.401 1.410 4.994
L 29.087 -0.364 0 11477010462350000 29.156 -0.150 1.274 5.029
R 29.779 0.039 0.861 11477010462400000 29.217 0.102 1.137 5.060
L 29.286 0.404 0 11477010462450000 29.270 0.356 0.999 5.087
R 29.200 0.039 1.019 11477010462500000 29.317 0.611 0.862 5.110
L 29.547 0.606 0 11477010462550000 29.356 0.867 0.724 5.129
R 29.490 0.081 0.522 11477010462600000 29.389 1.124 0.586 5.144
L 29.587 1.427 0 11477010462650000 29.415 1.382 0.448 5.156
R 29.999 0.066 0.549 11477010462700000 29.434 1.640 0.310 5.163
L 29.428 1.862 0 11477010462750000 29.446 1.898 0.173 5.167
R 29.758 0.048 0.034 11477010462800000 29.451 2.156 0.036 5.167
L 29.435 2.629 0 11477010462850000 29.450 2.415 -0.100 5.164
R 29.610 0.076 0.021 11477010462900000 29.441 2.673 -0.235 5.156
L 29.742 3.201 0 11477010462950000 29.426 2.930 -0.370 5.146
R 29.165 0.128 0.183 11477010463000000 29.404 3.187 -0.503 5.131
L 29.568 3.373 0 11477010463050000 29.376 3.444 -0.636 5.113
R 29.341 0.136 -0.126 11477010463100000 29.341 3.699 -0.767 5.092
L 29.225 3.707 0 11477010463150000 29.299 3.953 -0.897 5.067
R 30.007 0.141 -0.092 11477010463200000 29.251 4.206 -1.026 5.039
L 29.047 4.296 0 11477010463250000 29.196 4.457 -1.153 5.008
R 29.276 0.163 -0.524 11477010463300000 29.136 4.707 -1.278 4.973
L 28.979 5.025 0 11477010463350000 29.069 4.954 -1.402 4.936
R 29.208 0.181 -0.351 11477010463400000 28.995 5.200 -1.524 4.896
L 29.211 5.376 0 11477010463450000 28.916 5.444 -1.644 4.853
R 29.197 0.268 -0.939 11477010463500000 28.831 5.686 -1.762 4.807
L 28.772 5.956 0 11477010463550000 28.740 5.925 -1.878 4.758
R 29.001 0.257 -1.215 11477010463600000 28.643 6.162 -1.992 4.707
L 28.552 6.353 0 11477010463650000 28.541 6.396 -2.104 4.654
R 30.200 0.253 -1.145 11477010463700000 28.433 6.627 -2.214 4.598
L 28.472 6.704 0 11477010463750000 28.319 6.856 -2.321 4.540
R 28.807 0.219 -1.095 11477010463800000 28.201 7.081 -2.426 4.479
L 28.123 7.603 0 11477010463850000 28.076 7.304 -2.529 4.417
R 28.989 0.293 -1.475 11477010463900000 27.948 7.523 -2.629 4.353
L 27.906 7.768 0 11477010463950000 27.813 7.739 -2.727 4.287
R 28.591 0.292 -1.643 11477010464000000 27.675 7.952 -2.823 4.219
L 27.460 8.209 0 11477010464050000 27.531 8.161 -2.916 4.149
R 28.664 0.256 -2.278 11477010464100000 27.383 8.367 -3.006 4.078
L 27.304 8.472 0 11477010464150000 27.230 8.569 -3.094 4.006
R 28.643 0.345 -2.201 11477010464200000 27.074 8.768 -3.179 3.933
L 26.569 9.296 0 11477010464250000 26.913 8.963 -3.262 3.858
R 27.662 0.315 -1.955 11477010464300000 26.747 9.154 -3.342 3.782
L 26.372 9.204 0 11477010464350000 26.578 9.341 -3.420 3.705
R 28.194 0.362 -1.886 11477010464400000 26.405 9.525 -3.495 3.628
L 26.147 9.893 0 11477010464450000 26.229 9.704 -3.568 3.549
R 27.541 0.401 -1.780 11477010464500000 26.048 9.880 -3.638 3.470
L 25.872 9.913 0 11477010464550000 25.865 10.051 -3.705 3.391
R 27.772 0.391 -2.646 11477010464600000 25.678 10.219 -3.770 3.311
L 25.437 10.110 0 11477010464650000 25.487 10.383 -3.833 3.230
R 27.241 0.454 -2.408 11477010464700000 25.294 10.542 -3.893 3.150
L 24.896 10.674 0 11477010464750000 25.098 10.698 -3.950 3.069
R 26.681 0.421 -2.291 11477010464800000 24.899 10.849 -4.006 2.988
L 24.602 10.887 0 11477010464850000 24.697 10.997 -4.059 2.907
R 27.299 0.481 -2.750 11477010464900000 24.493 11.140 -4.109 2.826
L 24.305 11.321 0 11477010464950000 24.286 11.280 -4.157 2.746
R 26.729 0.403 -2.987 11477010465000000 24.077 11.415 -4.204 2.666
L 23.779 11.215 0 11477010465050000 23.866 11.546 -4.247 2.586
R 26.344 0.449 -2.687 11477010465100000 23.652 11.674 -4.289 2.506
L 23.342 11.757 0 11477010465150000 23.437 11.797 -4.329 2.427
R 25.961 0.492 -2.900 11477010465200000 23.219 11.916 -4.366 2.348
L 22.832 12.019 0 11477010465250000 23.000 12.032 -4.402 2.270
R 25.924 0.502 -2.841 11477010465300000 22.779 12.144 -4.435 2.193
L 22.465 12.147 0 11477010465350000 22.556 12.251 -4.467 2.116
R 25.371 0.487 -2.504 11477010465400000 22.332 12.355 -4.497 2.041
L 21.787 12.379 0 11477010465450000 22.106 12.455 -4.525 1.966
R 25.464 0.524 -3.208 11477010465500000 21.879 12.552 -4.551 1.892
L 21.515 12.517 0 11477010465550000 21.651 12.645 -4.576 1.819
R 24.786 0.509 -2.850 11477010465600000 21.421 12.734 -4.599 1.747
L 21.269 13.151 0 11477010465650000 21.191 12.820 -4.620 1.676
R 24.769 0.583 -3.372 11477010465700000 20.959 12.902 -4.640 1.606
L 20.849 12.935 0 11477010465750000 20.727 12.980 -4.659 1.538
R 24.476 0.520 -3.817 11477010465800000 20.493 13.056 -4.676 1.471
L 20.243 13.233 0 11477010465850000 20.259 13.128 -4.691 1.404
R 23.522 0.618 -2.982 11477010465900000 20.024 13.196 -4.706 1.339
L 19.890 13.066 0 11477010465950000 19.788 13.262 -4.719 1.276
R 23.730 0.653 -3.176 11477010466000000 19.552 13.324 -4.731 1.214
L 18.987 13.422 0 11477010466050000 19.315 13.383 -4.742 1.153
R 23.079 0.580 -3.399 11477010466100000 19.077 13.439 -4.752 1.093
L 18.787 13.332 0 11477010466150000 18.840 13.493 -4.761 1.035
R 22.644 0.655 -3.514 11477010466200000 18.601 13.543 -4.769 0.979
L 18.501 13.776 0 11477010466250000 18.362 13.590 -4.776 0.924
R 22.524 0.700 -3.011 11477010466300000 18.123 13.635 -4.783 0.870
L 17.944 13.747 0 11477010466350000 17.884 13.677 -4.788 0.818
R 22.750 0.660 -3.667 11477010466400000 17.644 13.717 -4.793 0.767
L 17.303 13.729 0 11477010466450000 17.404 13.754 -4.797 0.718
R 22.305 0.698 -3.490 11477010466500000 17.164 13.789 -4.801 0.671
L 16.946 13.953 0 11477010466550000 16.924 13.821 -4.804 0.625
R 21.486 0.635 -3.340 11477010466600000 16.684 13.852 -4.806 0.580
L 16.620 13.771 0 11477010466650000 16.443 13.880 -4.808 0.538
R 21.318 0.701 -3.069 11477010466700000 16.203 13.905 -4.810 0.496
L 16.131 13.851 0 11477010466750000 15.962 13.929 -4.811 0.457
R 20.929 0.684 -3.168 11477010466800000 15.722 13.951 -4.812 0.419
L 15.476 13.980 0 11477010466850000 15.481 13.971 -4.812 0.383
R 21.106 0.736 -3.470 11477010466900000 15.240 13.990 -4.812 0.348
L 15.217 14.096 0 11477010466950000 15.000 14.006 -4.812 0.315
R 20.920 0.689 -3.526 11477010467000000 14.759 14.021 -4.812 0.283
L 14.422 13.972 0 11477010467050000 14.518 14.034 -4.811 0.254
R 19.759 0.777 -3.425 11477010467100000 14.278 14.046 -4.811 0.225
L 13.794 14.044 0 11477010467150000 14.037 14.057 -4.810 0.199
R 18.849 0.831 -3.174 11477010467200000 13.797 14.066 -4.809 0.174
L 13.537 14.061 0 11477010467250000 13.556 14.075 -4.808 0.151
R 19.041 0.807 -3.151 11477010467300000 13.316 14.082 -4.807 0.129
L 13.121 13.944 0 11477010467350000 13.075 14.087 -4.806 0.109
R 18.712 0.802 -3.076 11477010467400000 12.835 14.092 -4.805 0.091
L 12.650 13.949 0 11477010467450000 12.595 14.097 -4.805 0.075
R 18.840 0.835 -2.913 11477010467500000 12.355 14.100 -4.804 0.060
L 12.333 14.277 0 11477010467550000 12.114 14.103 -4.803 0.046
R 18.588 0.902 -2.823 11477010467600000 11.874 14.105 -4.802 0.035
L 11.500 13.898 0 11477010467650000 11.634 14.106 -4.802 0.025
R 18.630 0.914 -2.679 11477010467700000 11.394 14.107 -4.801 0.017
L 11.025 14.206 0 11477010467750000 11.154 14.108 -4.801 0.010
R 18.039 0.898 -3.232 11477010467800000 10.914 14.108 -4.800 0.005
L 10.468 14.059 0 11477010467850000 10.674 14.108 -4.800 0.002
