L 0.312 0.580 0 1477010443000000 0.600 0.600 5.200 0.000
R 1.015 0.554 4.893 1477010443050000 0.860 0.600 5.200 0.002
L 1.174 0.481 0 1477010443100000 1.120 0.600 5.199 0.005
R 1.048 0.389 4.511 1477010443150000 1.380 0.601 5.199 0.011
L 1.651 0.625 0 1477010443200000 1.640 0.601 5.198 0.018
R 1.698 0.298 5.210 1477010443250000 1.900 0.602 5.198 0.027
L 2.189 0.649 0 1477010443300000 2.160 0.604 5.197 0.038
R 2.044 0.276 5.044 1477010443350000 2.420 0.606 5.196 0.050
L 2.655 0.666 0 1477010443400000 2.679 0.609 5.195 0.065
R 2.991 0.218 5.192 1477010443450000 2.939 0.613 5.193 0.081
L 3.012 0.637 0 1477010443500000 3.199 0.617 5.191 0.099
R 3.594 0.135 5.162 1477010443550000 3.458 0.623 5.190 0.118
L 3.894 0.312 0 1477010443600000 3.718 0.629 5.188 0.140
R 4.256 0.165 5.433 1477010443650000 3.977 0.637 5.185 0.163
L 4.309 0.579 0 1477010443700000 4.236 0.645 5.183 0.188
R 4.670 0.148 5.121 1477010443750000 4.495 0.655 5.180 0.214
L 4.351 0.899 0 1477010443800000 4.754 0.667 5.176 0.243
R 5.251 0.127 4.826 1477010443850000 5.013 0.680 5.173 0.273
L 5.519 0.648 0 1477010443900000 5.272 0.694 5.169 0.304
R 5.267 0.122 5.424 1477010443950000 5.530 0.710 5.164 0.338
L 6.022 0.709 0 1477010444000000 5.788 0.728 5.159 0.373
R 5.906 0.063 4.880 1477010444050000 6.046 0.748 5.154 0.410
L 6.342 0.949 0 1477010444100000 6.304 0.769 5.148 0.448
R 6.674 0.126 5.007 1477010444150000 6.561 0.793 5.142 0.488
L 6.782 0.714 0 1477010444200000 6.818 0.818 5.135 0.530
R 7.318 0.086 4.649 1477010444250000 7.075 0.846 5.127 0.573
L 7.137 0.957 0 1477010444300000 7.331 0.875 5.119 0.618
R 8.125 0.101 5.464 1477010444350000 7.587 0.907 5.109 0.665
L 7.805 0.719 0 1477010444400000 7.842 0.942 5.100 0.712
R 8.451 0.105 4.751 1477010444450000 8.097 0.979 5.089 0.762
L 8.248 0.840 0 1477010444500000 8.351 1.018 5.078 0.813
R 8.575 0.165 5.581 1477010444550000 8.605 1.060 5.065 0.865
L 8.746 1.049 0 1477010444600000 8.858 1.105 5.052 0.919
R 9.947 0.115 5.241 1477010444650000 9.110 1.152 5.038 0.974
L 9.256 1.049 0 1477010444700000 9.362 1.202 5.023 1.031
R 10.216 0.150 5.312 1477010444750000 9.613 1.255 5.007 1.089
L 10.048 1.446 0 1477010444800000 9.863 1.311 4.989 1.148
R 10.678 0.162 4.807 1477010444850000 10.112 1.370 4.971 1.208
L 10.249 1.459 0 1477010444900000 10.360 1.432 4.951 1.270
R 11.041 0.155 4.564 1477010444950000 10.607 1.497 4.930 1.333
L 10.731 1.453 0 1477010445000000 10.853 1.565 4.908 1.397
R 11.567 0.124 5.142 1477010445050000 11.098 1.637 4.884 1.462
L 11.587 1.615 0 1477010445100000 11.342 1.712 4.859 1.528
R 11.579 0.133 4.869 1477010445150000 11.584 1.790 4.833 1.596
L 11.779 1.746 0 1477010445200000 11.825 1.871 4.805 1.664
R 12.325 0.175 5.278 1477010445250000 12.065 1.956 4.776 1.733
L 12.323 1.784 0 1477010445300000 12.303 2.045 4.745 1.803
R 12.671 0.141 5.317 1477010445350000 12.539 2.137 4.713 1.873
L 12.592 2.175 0 1477010445400000 12.774 2.232 4.678 1.945
R 13.486 0.199 5.446 1477010445450000 13.007 2.331 4.643 2.017
L 13.087 2.407 0 1477010445500000 13.239 2.434 4.605 2.090
R 13.087 0.241 4.513 1477010445550000 13.468 2.540 4.566 2.163
L 13.836 2.625 0 1477010445600000 13.696 2.651 4.524 2.237
R 14.099 0.196 4.806 1477010445650000 13.921 2.764 4.481 2.311
L 14.211 2.942 0 1477010445700000 14.144 2.882 4.437 2.386
R 14.837 0.195 5.233 1477010445750000 14.365 3.003 4.390 2.461
L 14.462 2.907 0 1477010445800000 14.583 3.128 4.341 2.536
R 15.200 0.264 5.157 1477010445850000 14.799 3.257 4.290 2.612
L 15.026 3.507 0 1477010445900000 15.012 3.389 4.237 2.687
R 15.918 0.264 4.666 1477010445950000 15.223 3.526 4.183 2.762
L 15.524 3.829 0 1477010446000000 15.431 3.666 4.126 2.838
R 16.089 0.214 4.786 1477010446050000 15.636 3.810 4.067 2.913
L 15.977 4.001 0 1477010446100000 15.837 3.957 4.006 2.988
R 16.873 0.253 4.410 1477010446150000 16.036 4.109 3.943 3.063
L 16.331 4.445 0 1477010446200000 16.232 4.264 3.877 3.137
R 17.348 0.261 4.725 1477010446250000 16.424 4.422 3.810 3.211
L 16.604 4.673 0 1477010446300000 16.613 4.585 3.740 3.284
R 17.676 0.293 3.910 1477010446350000 16.798 4.751 3.668 3.357
L 16.995 5.211 0 1477010446400000 16.980 4.921 3.594 3.429
R 17.954 0.262 4.232 1477010446450000 17.158 5.094 3.518 3.500
L 17.289 5.435 0 1477010446500000 17.332 5.271 3.440 3.570
R 18.273 0.263 4.060 1477010446550000 17.502 5.451 3.359 3.639
L 17.785 5.625 0 1477010446600000 17.668 5.635 3.276 3.708
R 18.922 0.327 3.862 1477010446650000 17.830 5.822 3.192 3.775
L 18.126 6.170 0 1477010446700000 17.987 6.013 3.105 3.840
R 19.355 0.358 4.079 1477010446750000 18.140 6.206 3.015 3.905
L 18.216 6.661 0 1477010446800000 18.289 6.403 2.924 3.968
R 19.697 0.365 3.876 1477010446850000 18.433 6.603 2.831 4.029
L 18.542 6.760 0 1477010446900000 18.572 6.806 2.736 4.089
R 20.156 0.368 4.112 1477010446950000 18.706 7.012 2.638 4.147
L 19.144 7.183 0 1477010447000000 18.836 7.221 2.539 4.203
R 19.970 0.380 3.506 1477010447050000 18.960 7.433 2.438 4.257
L 19.014 7.869 0 1477010447100000 19.080 7.647 2.335 4.310
R 20.778 0.378 3.786 1477010447150000 19.194 7.864 2.229 4.360
L 19.132 8.128 0 1477010447200000 19.303 8.083 2.123 4.408
R 20.705 0.406 3.775 1477010447250000 19.406 8.305 2.014 4.454
L 19.347 8.307 0 1477010447300000 19.504 8.529 1.904 4.498
R 21.386 0.402 3.382 1477010447350000 19.597 8.755 1.792 4.540
L 20.004 8.891 0 1477010447400000 19.683 8.983 1.678 4.578
R 21.781 0.451 3.224 1477010447450000 19.765 9.213 1.563 4.615
L 20.157 9.459 0 1477010447500000 19.840 9.445 1.447 4.649
R 21.913 0.462 2.967 1477010447550000 19.909 9.678 1.329 4.680
L 20.157 9.909 0 1477010447600000 19.973 9.913 1.210 4.708
R 22.398 0.542 3.373 1477010447650000 20.030 10.149 1.090 4.734
L 20.166 10.469 0 1477010447700000 20.082 10.386 0.968 4.757
R 22.448 0.502 2.777 1477010447750000 20.127 10.625 0.846 4.777
L 20.371 11.011 0 1477010447800000 20.166 10.864 0.722 4.793
R 23.020 0.566 3.018 1477010447850000 20.199 11.104 0.598 4.807
L 20.316 11.348 0 1477010447900000 20.226 11.345 0.473 4.818
R 22.776 0.567 2.088 1477010447950000 20.247 11.586 0.347 4.826
L 20.614 11.942 0 1477010448000000 20.261 11.828 0.220 4.830
R 23.279 0.540 3.009 1477010448050000 20.269 12.069 0.093 4.832
L 20.326 12.497 0 1477010448100000 20.270 12.311 -0.034 4.830
R 23.592 0.558 1.965 1477010448150000 20.265 12.552 -0.162 4.825
L 20.498 12.892 0 1477010448200000 20.254 12.793 -0.289 4.816
R 24.241 0.530 2.163 1477010448250000 20.236 13.034 -0.417 4.804
L 20.194 13.169 0 1477010448300000 20.212 13.274 -0.545 4.789
R 24.026 0.598 2.138 1477010448350000 20.182 13.513 -0.673 4.771
L 20.325 13.890 0 1477010448400000 20.145 13.751 -0.801 4.749
R 24.428 0.587 1.749 1477010448450000 20.102 13.988 -0.928 4.724
L 20.122 14.337 0 1477010448500000 20.052 14.223 -1.055 4.695
R 24.381 0.632 1.731 1477010448550000 19.996 14.457 -1.181 4.663
L 19.781 14.773 0 1477010448600000 19.934 14.690 -1.307 4.628
R 24.517 0.609 1.713 1477010448650000 19.865 14.920 -1.432 4.589
L 20.021 15.205 0 1477010448700000 19.791 15.149 -1.556 4.548
R 25.221 0.654 0.480 1477010448750000 19.710 15.375 -1.679 4.502
L 19.913 15.554 0 1477010448800000 19.623 15.599 -1.801 4.454
R 25.003 0.648 1.140 1477010448850000 19.530 15.820 -1.922 4.402
L 19.475 16.010 0 1477010448900000 19.431 16.039 -2.041 4.347
R 24.960 0.696 1.212 1477010448950000 19.326 16.255 -2.159 4.289
L 19.238 16.272 0 1477010449000000 19.215 16.468 -2.276 4.227
R 25.337 0.699 0.723 1477010449050000 19.098 16.678 -2.391 4.163
L 19.003 16.839 0 1477010449100000 18.976 16.884 -2.504 4.095
R 25.856 0.755 -0.061 1477010449150000 18.848 17.087 -2.616 4.025
L 18.615 17.383 0 1477010449200000 18.714 17.287 -2.725 3.951
R 25.381 0.736 1.064 1477010449250000 18.575 17.482 -2.833 3.875
L 18.102 17.553 0 1477010449300000 18.431 17.674 -2.939 3.796
R 25.294 0.763 0.672 1477010449350000 18.281 17.862 -3.042 3.714
L 18.209 18.046 0 1477010449400000 18.127 18.045 -3.143 3.629
R 25.321 0.763 -0.093 1477010449450000 17.967 18.225 -3.242 3.542
L 17.902 18.218 0 1477010449500000 17.803 18.399 -3.338 3.452
R 26.162 0.766 0.152 1477010449550000 17.633 18.570 -3.432 3.360
L 17.385 18.704 0 1477010449600000 17.459 18.735 -3.524 3.265
R 25.368 0.793 -0.253 1477010449650000 17.281 18.896 -3.613 3.168
L 17.176 18.886 0 1477010449700000 17.098 19.052 -3.699 3.069
R 26.005 0.861 -0.164 1477010449750000 16.911 19.203 -3.782 2.968
L 16.573 19.052 0 1477010449800000 16.720 19.349 -3.863 2.865
R 25.889 0.896 -0.530 1477010449850000 16.525 19.489 -3.940 2.759
L 16.234 19.617 0 1477010449900000 16.326 19.625 -4.015 2.652
R 24.579 0.838 -0.868 1477010449950000 16.124 19.755 -4.087 2.544
L 15.924 19.870 0 1477010450000000 15.918 19.879 -4.156 2.433
R 25.155 0.869 -0.422 1477010450050000 15.708 19.998 -4.222 2.321
L 15.433 20.184 0 1477010450100000 15.496 20.111 -4.285 2.208
R 25.726 0.978 -0.746 1477010450150000 15.280 20.219 -4.344 2.093
L 15.202 20.439 0 1477010450200000 15.061 20.320 -4.401 1.978
R 24.815 0.934 -1.045 1477010450250000 14.840 20.416 -4.454 1.861
L 14.666 20.609 0 1477010450300000 14.616 20.506 -4.504 1.743
R 25.154 0.988 -1.296 1477010450350000 14.390 20.590 -4.551 1.624
L 14.052 20.592 0 1477010450400000 14.161 20.669 -4.595 1.504
R 25.024 0.986 -1.500 1477010450450000 13.930 20.741 -4.636 1.384
L 13.469 20.725 0 1477010450500000 13.698 20.807 -4.674 1.263
R 24.666 0.976 -2.009 1477010450550000 13.463 20.867 -4.708 1.142
L 13.107 20.829 0 1477010450600000 13.227 20.921 -4.739 1.020
R 24.973 1.011 -1.834 1477010450650000 12.990 20.969 -4.767 0.898
L 12.873 21.059 0 1477010450700000 12.751 21.011 -4.792 0.775
R 24.543 1.082 -2.031 1477010450750000 12.511 21.047 -4.814 0.653
L 12.206 21.110 0 1477010450800000 12.269 21.076 -4.832 0.531
R 24.472 1.040 -2.242 1477010450850000 12.028 21.100 -4.848 0.409
L 11.681 20.865 0 1477010450900000 11.785 21.117 -4.860 0.287
R 23.671 1.062 -2.415 1477010450950000 11.542 21.128 -4.870 0.165
L 11.363 21.069 0 1477010451000000 11.298 21.134 -4.876 0.044
R 23.109 1.096 -2.608 1477010451050000 11.054 21.133 -4.880 -0.077
L 10.890 20.927 0 1477010451100000 10.810 21.126 -4.881 -0.197
R 23.326 1.160 -2.319 1477010451150000 10.567 21.113 -4.878 -0.316
L 10.189 21.209 0 1477010451200000 10.323 21.094 -4.873 -0.435
R 23.516 1.133 -2.698 1477010451250000 10.080 21.070 -4.866 -0.552
L 9.996 20.980 0 1477010451300000 9.837 21.039 -4.856 -0.669
R 23.102 1.153 -2.350 1477010451350000 9.594 21.003 -4.843 -0.785
L 9.539 20.876 0 1477010451400000 9.353 20.961 -4.827 -0.900
R 23.079 1.140 -2.849 1477010451450000 9.112 20.913 -4.809 -1.014
L 8.703 20.822 0 1477010451500000 8.872 20.859 -4.789 -1.126
R 22.300 1.113 -2.998 1477010451550000 8.633 20.800 -4.766 -1.237
L 8.223 20.484 0 1477010451600000 8.396 20.736 -4.741 -1.347
R 22.113 1.186 -3.204 1477010451650000 8.159 20.666 -4.714 -1.455
L 7.886 20.450 0 1477010451700000 7.924 20.590 -4.685 -1.562
R 22.258 1.189 -3.512 1477010451750000 7.691 20.510 -4.653 -1.668
L 7.180 20.392 0 1477010451800000 7.459 20.424 -4.620 -1.772
R 21.333 1.232 -3.326 1477010451850000 7.229 20.333 -4.584 -1.874
L 6.815 20.186 0 1477010451900000 7.001 20.236 -4.547 -1.975
R 21.300 1.241 -3.359 1477010451950000 6.775 20.135 -4.509 -2.074
L 6.389 20.014 0 1477010452000000 6.551 20.029 -4.468 -2.171
R 21.288 1.252 -3.502 1477010452050000 6.328 19.918 -4.426 -2.266
L 5.861 19.831 0 1477010452100000 6.108 19.803 -4.382 -2.360
R 20.206 1.306 -3.869 1477010452150000 5.890 19.682 -4.337 -2.452
L 5.691 19.576 0 1477010452200000 5.675 19.558 -4.291 -2.542
R 19.897 1.267 -3.803 1477010452250000 5.461 19.428 -4.244 -2.630
L 5.170 19.440 0 1477010452300000 5.251 19.295 -4.195 -2.716
R 20.175 1.275 -3.513 1477010452350000 5.042 19.157 -4.145 -2.801
L 4.891 18.982 0 1477010452400000 4.836 19.015 -4.094 -2.883
R 19.458 1.364 -3.991 1477010452450000 4.633 18.869 -4.043 -2.964
L 4.469 18.834 0 1477010452500000 4.432 18.719 -3.990 -3.042
R 19.050 1.322 -3.639 1477010452550000 4.234 18.565 -3.937 -3.119
L 4.263 18.481 0 1477010452600000 4.039 18.407 -3.883 -3.194
R 19.144 1.391 -4.536 1477010452650000 3.846 18.246 -3.828 -3.266
L 3.459 18.167 0 1477010452700000 3.656 18.081 -3.773 -3.337
R 18.435 1.335 -3.745 1477010452750000 3.469 17.912 -3.718 -3.406
L 3.125 17.749 0 1477010452800000 3.284 17.740 -3.662 -3.473
R 18.084 1.423 -4.421 1477010452850000 3.103 17.565 -3.606 -3.538
L 2.945 17.815 0 1477010452900000 2.924 17.387 -3.550 -3.602
R 17.399 1.382 -4.602 1477010452950000 2.748 17.205 -3.493 -3.663
L 2.554 17.085 0 1477010453000000 2.575 17.021 -3.437 -3.723
R 17.080 1.421 -3.825 1477010453050000 2.404 16.833 -3.381 -3.780
L 2.254 16.833 0 1477010453100000 2.237 16.643 -3.324 -3.836
R 16.126 1.473 -3.955 1477010453150000 2.072 16.450 -3.268 -3.890
L 1.890 16.105 0 1477010453200000 1.910 16.254 -3.212 -3.942
R 16.362 1.464 -4.003 1477010453250000 1.751 16.056 -3.157 -3.993
L 1.447 16.085 0 1477010453300000 1.595 15.855 -3.101 -4.041
R 15.636 1.468 -4.662 1477010453350000 1.441 15.652 -3.046 -4.088
L 1.184 15.428 0 1477010453400000 1.290 15.446 -2.992 -4.134
R 15.550 1.517 -4.274 1477010453450000 1.142 15.239 -2.938 -4.177
L 0.723 15.008 0 1477010453500000 0.996 15.029 -2.885 -4.219
R 15.248 1.503 -4.044 1477010453550000 0.854 14.817 -2.832 -4.260
L 0.737 14.705 0 1477010453600000 0.713 14.603 -2.781 -4.299
R 14.263 1.520 -4.698 1477010453650000 0.576 14.387 -2.730 -4.336
L 0.253 14.203 0 1477010453700000 0.440 14.170 -2.679 -4.372
R 13.960 1.573 -5.032 1477010453750000 0.308 13.950 -2.630 -4.406
L 0.459 13.686 0 1477010453800000 0.178 13.729 -2.581 -4.439
R 13.638 1.567 -4.991 1477010453850000 0.050 13.507 -2.534 -4.471
L -0.190 13.286 0 1477010453900000 -0.076 13.282 -2.487 -4.501
R 13.149 1.592 -4.456 1477010453950000 -0.199 13.057 -2.442 -4.530
L 0.046 12.930 0 1477010454000000 -0.320 12.830 -2.397 -4.557
R 12.375 1.626 -4.328 1477010454050000 -0.439 12.601 -2.354 -4.583
L -0.476 12.363 0 1477010454100000 -0.555 12.371 -2.312 -4.608
R 12.558 1.648 -4.432 1477010454150000 -0.670 12.140 -2.271 -4.632
L -0.583 12.039 0 1477010454200000 -0.782 11.908 -2.231 -4.655
R 11.718 1.679 -4.460 1477010454250000 -0.893 11.675 -2.193 -4.676
L -1.172 11.399 0 1477010454300000 -1.002 11.441 -2.156 -4.696
R 10.995 1.652 -4.103 1477010454350000 -1.109 11.206 -2.120 -4.715
L -1.393 11.042 0 1477010454400000 -1.214 10.969 -2.086 -4.734
R 10.978 1.689 -4.762 1477010454450000 -1.317 10.732 -2.053 -4.751
L -1.497 10.420 0 1477010454500000 -1.419 10.495 -2.021 -4.767
R 10.147 1.728 -4.757 1477010454550000 -1.519 10.256 -1.991 -4.782
L -1.619 10.237 0 1477010454600000 -1.618 10.016 -1.962 -4.796
R 10.093 1.730 -4.344 1477010454650000 -1.715 9.776 -1.935 -4.809
L -1.734 9.713 0 1477010454700000 -1.811 9.536 -1.909 -4.822
R 9.645 1.809 -4.639 1477010454750000 -1.906 9.294 -1.885 -4.833
L -1.938 8.770 0 1477010454800000 -2.000 9.052 -1.862 -4.844
R 9.342 1.783 -4.203 1477010454850000 -2.093 8.810 -1.841 -4.853
L -2.177 8.541 0 1477010454900000 -2.184 8.567 -1.822 -4.862
R 8.615 1.885 -4.312 1477010454950000 -2.275 8.324 -1.804 -4.870
L -2.219 8.153 0 1477010455000000 -2.365 8.080 -1.787 -4.878
R 8.821 1.831 -4.169 1477010455050000 -2.453 7.836 -1.772 -4.884
L -2.597 7.603 0 1477010455100000 -2.542 7.592 -1.759 -4.890
R 8.006 1.966 -3.626 1477010455150000 -2.629 7.347 -1.748 -4.895
L -2.799 7.064 0 1477010455200000 -2.717 7.102 -1.738 -4.899
R 7.731 1.941 -4.034 1477010455250000 -2.803 6.857 -1.730 -4.903
L -2.747 6.869 0 1477010455300000 -2.890 6.612 -1.723 -4.906
R 6.869 1.955 -3.357 1477010455350000 -2.976 6.367 -1.718 -4.908
L -2.902 6.230 0 1477010455400000 -3.061 6.121 -1.715 -4.909
R 7.041 2.091 -3.618 1477010455450000 -3.147 5.876 -1.713 -4.910
L -3.178 5.531 0 1477010455500000 -3.233 5.630 -1.713 -4.910
R 6.097 2.123 -2.991 1477010455550000 -3.318 5.385 -1.715 -4.909
L -3.430 5.105 0 1477010455600000 -3.404 5.140 -1.718 -4.907
R 6.018 2.177 -3.191 1477010455650000 -3.490 4.894 -1.723 -4.905
L -3.694 4.522 0 1477010455700000 -3.577 4.649 -1.729 -4.902
R 5.452 2.269 -2.363 1477010455750000 -3.663 4.404 -1.738 -4.899
L -4.002 4.047 0 1477010455800000 -3.750 4.159 -1.747 -4.894
R 5.780 2.351 -2.409 1477010455850000 -3.838 3.915 -1.759 -4.889
L -3.881 3.752 0 1477010455900000 -3.926 3.670 -1.772 -4.883
R 5.751 2.399 -1.550 1477010455950000 -4.015 3.426 -1.787 -4.877
L -4.151 3.220 0 1477010456000000 -4.105 3.182 -1.803 -4.869
R 5.155 2.548 -1.027 1477010456050000 -4.196 2.939 -1.821 -4.861
L -4.325 2.550 0 1477010456100000 -4.287 2.696 -1.841 -4.852
R 4.999 2.641 -0.776 1477010456150000 -4.380 2.454 -1.862 -4.842
L -4.612 2.092 0 1477010456200000 -4.474 2.212 -1.884 -4.831
R 4.706 2.719 0.364 1477010456250000 -4.568 1.971 -1.909 -4.820
L -4.868 1.534 0 1477010456300000 -4.664 1.730 -1.934 -4.808
R 5.185 2.861 0.871 1477010456350000 -4.762 1.490 -1.961 -4.794
L -4.668 1.286 0 1477010456400000 -4.861 1.250 -1.990 -4.780
R 5.108 2.923 1.072 1477010456450000 -4.961 1.012 -2.020 -4.765
L -4.855 0.826 0 1477010456500000 -5.063 0.774 -2.052 -4.748
R 4.851 3.104 1.756 1477010456550000 -5.166 0.537 -2.085 -4.731
L -5.123 0.257 0 1477010456600000 -5.271 0.301 -2.119 -4.713
R 6.005 3.190 1.776 1477010456650000 -5.378 0.065 -2.155 -4.694
L -5.300 -0.213 0 1477010456700000 -5.487 -0.169 -2.192 -4.673
R 5.646 -3.116 2.506 1477010456750000 -5.597 -0.402 -2.230 -4.652
L -5.854 -0.446 0 1477010456800000 -5.710 -0.634 -2.270 -4.629
R 5.359 -3.006 3.304 1477010456850000 -5.825 -0.865 -2.311 -4.605
L -5.878 -1.269 0 1477010456900000 -5.941 -1.095 -2.353 -4.580
R 5.883 -2.879 3.255 1477010456950000 -6.060 -1.323 -2.396 -4.554
L -6.273 -1.509 0 1477010457000000 -6.181 -1.550 -2.440 -4.526
R 6.362 -2.861 4.187 1477010457050000 -6.304 -1.776 -2.486 -4.498
L -6.340 -2.137 0 1477010457100000 -6.430 -2.000 -2.532 -4.467
R 7.324 -2.840 3.856 1477010457150000 -6.557 -2.223 -2.579 -4.436
L -6.793 -2.446 0 1477010457200000 -6.688 -2.444 -2.628 -4.403
R 7.629 -2.783 4.248 1477010457250000 -6.820 -2.663 -2.677 -4.368
L -6.800 -3.101 0 1477010457300000 -6.955 -2.881 -2.727 -4.333
R 7.832 -2.718 4.173 1477010457350000 -7.093 -3.097 -2.778 -4.295
L -7.121 -3.264 0 1477010457400000 -7.233 -3.311 -2.830 -4.256
R 8.782 -2.657 4.418 1477010457450000 -7.376 -3.522 -2.883 -4.216
L -7.490 -3.491 0 1477010457500000 -7.522 -3.732 -2.936 -4.174
R 8.466 -2.665 4.645 1477010457550000 -7.670 -3.940 -2.990 -4.130
L -7.880 -4.298 0 1477010457600000 -7.821 -4.145 -3.044 -4.085
R 9.292 -2.626 4.653 1477010457650000 -7.975 -4.349 -3.099 -4.038
L -8.225 -4.798 0 1477010457700000 -8.131 -4.549 -3.154 -3.989
R 9.799 -2.611 4.322 1477010457750000 -8.290 -4.748 -3.209 -3.939
L -8.336 -5.106 0 1477010457800000 -8.452 -4.943 -3.265 -3.886
R 9.802 -2.631 4.405 1477010457850000 -8.617 -5.136 -3.321 -3.832
L -8.915 -5.518 0 1477010457900000 -8.784 -5.327 -3.377 -3.777
R 10.685 -2.580 4.696 1477010457950000 -8.955 -5.514 -3.434 -3.719
L -9.034 -5.803 0 1477010458000000 -9.128 -5.699 -3.490 -3.660
R 10.394 -2.593 4.474 1477010458050000 -9.304 -5.880 -3.546 -3.598
L -9.308 -5.824 0 1477010458100000 -9.483 -6.059 -3.603 -3.535
R 11.717 -2.563 4.727 1477010458150000 -9.664 -6.234 -3.659 -3.470
L -9.625 -6.560 0 1477010458200000 -9.849 -6.406 -3.714 -3.403
R 12.418 -2.604 5.088 1477010458250000 -10.036 -6.574 -3.770 -3.334
L -10.225 -6.834 0 1477010458300000 -10.226 -6.739 -3.825 -3.263
R 12.227 -2.561 5.055 1477010458350000 -10.419 -6.901 -3.879 -3.190
L -10.762 -7.292 0 1477010458400000 -10.614 -7.058 -3.933 -3.116
R 12.860 -2.581 5.086 1477010458450000 -10.812 -7.212 -3.986 -3.039
L -11.222 -7.570 0 1477010458500000 -11.013 -7.363 -4.039 -2.961
R 13.229 -2.551 4.904 1477010458550000 -11.216 -7.509 -4.090 -2.880
L -11.093 -7.678 0 1477010458600000 -11.422 -7.651 -4.141 -2.798
R 13.642 -2.563 4.893 1477010458650000 -11.630 -7.788 -4.191 -2.713
L -11.527 -7.822 0 1477010458700000 -11.841 -7.922 -4.239 -2.627
R 14.309 -2.558 4.497 1477010458750000 -12.055 -8.051 -4.287 -2.539
L -12.090 -8.088 0 1477010458800000 -12.270 -8.176 -4.333 -2.449
R 14.807 -2.569 5.277 1477010458850000 -12.488 -8.296 -4.378 -2.358
L -12.423 -8.260 0 1477010458900000 -12.708 -8.412 -4.422 -2.264
R 15.153 -2.570 4.470 1477010458950000 -12.930 -8.523 -4.464 -2.169
L -13.291 -8.646 0 1477010459000000 -13.155 -8.629 -4.504 -2.072
R 16.187 -2.591 5.019 1477010459050000 -13.381 -8.730 -4.543 -1.973
L -13.384 -8.576 0 1477010459100000 -13.609 -8.826 -4.580 -1.872
R 15.946 -2.597 4.288 1477010459150000 -13.839 -8.917 -4.615 -1.770
L -13.996 -8.993 0 1477010459200000 -14.071 -9.003 -4.649 -1.666
R 16.937 -2.596 5.129 1477010459250000 -14.304 -9.084 -4.680 -1.561
L -14.427 -9.188 0 1477010459300000 -14.539 -9.159 -4.709 -1.454
R 17.304 -2.572 4.587 1477010459350000 -14.775 -9.229 -4.737 -1.346
L -15.062 -9.044 0 1477010459400000 -15.013 -9.294 -4.762 -1.236
R 18.382 -2.586 4.685 1477010459450000 -15.252 -9.353 -4.784 -1.125
L -15.668 -9.567 0 1477010459500000 -15.492 -9.406 -4.805 -1.013
R 18.482 -2.611 4.287 1477010459550000 -15.732 -9.454 -4.823 -0.899
L -16.086 -9.598 0 1477010459600000 -15.974 -9.496 -4.838 -0.784
R 18.817 -2.652 4.379 1477010459650000 -16.216 -9.533 -4.851 -0.669
L -16.423 -9.370 0 1477010459700000 -16.459 -9.563 -4.862 -0.552
R 18.534 -2.614 4.252 1477010459750000 -16.703 -9.588 -4.869 -0.434
L -17.113 -9.430 0 1477010459800000 -16.946 -9.607 -4.874 -0.316
R 20.108 -2.571 4.579 1477010459850000 -17.190 -9.620 -4.876 -0.196
L -17.545 -9.575 0 1477010459900000 -17.434 -9.626 -4.876 -0.077
R 20.424 -2.664 4.177 1477010459950000 -17.678 -9.627 -4.872 0.044
L -17.972 -9.423 0 1477010460000000 -17.922 -9.622 -4.866 0.165
R 20.484 -2.676 3.996 1477010460050000 -18.165 -9.611 -4.856 0.287
L -18.276 -9.610 0 1477010460100000 -18.407 -9.593 -4.844 0.408
R 20.609 -2.658 4.303 1477010460150000 -18.649 -9.570 -4.829 0.531
L -18.954 -9.515 0 1477010460200000 -18.890 -9.540 -4.810 0.653
R 20.764 -2.692 4.208 1477010460250000 -19.130 -9.504 -4.789 0.775
L -19.298 -9.099 0 1477010460300000 -19.369 -9.463 -4.764 0.897
R 21.579 -2.722 3.647 1477010460350000 -19.607 -9.415 -4.736 1.019
L -19.873 -8.964 0 1477010460400000 -19.843 -9.361 -4.705 1.141
R 21.779 -2.781 3.682 1477010460450000 -20.078 -9.301 -4.671 1.262
L -20.161 -9.597 0 1477010460500000 -20.310 -9.234 -4.633 1.383
R 22.661 -2.697 3.795 1477010460550000 -20.541 -9.162 -4.593 1.503
L -20.660 -8.915 0 1477010460600000 -20.770 -9.084 -4.549 1.623
R 23.172 -2.766 3.506 1477010460650000 -20.996 -9.000 -4.502 1.742
L -21.020 -8.851 0 1477010460700000 -21.220 -8.910 -4.452 1.860
R 23.509 -2.765 3.333 1477010460750000 -21.441 -8.814 -4.399 1.977
L -21.503 -8.872 0 1477010460800000 -21.660 -8.712 -4.342 2.092
R 23.169 -2.816 2.775 1477010460850000 -21.875 -8.605 -4.283 2.207
L -21.979 -8.571 0 1477010460900000 -22.088 -8.491 -4.220 2.320
R 23.491 -2.807 3.305 1477010460950000 -22.297 -8.373 -4.154 2.432
L -22.584 -8.353 0 1477010461000000 -22.504 -8.248 -4.086 2.543
R 23.909 -2.775 2.905 1477010461050000 -22.706 -8.118 -4.014 2.651
L -22.986 -7.672 0 1477010461100000 -22.905 -7.983 -3.939 2.758
R 24.712 -2.798 2.376 1477010461150000 -23.100 -7.842 -3.862 2.864
L -23.478 -7.566 0 1477010461200000 -23.291 -7.697 -3.781 2.967
R 24.501 -2.851 2.957 1477010461250000 -23.478 -7.546 -3.698 3.068
L -23.541 -7.361 0 1477010461300000 -23.661 -7.390 -3.612 3.167
R 24.932 -2.875 2.637 1477010461350000 -23.839 -7.229 -3.523 3.264
L -23.938 -7.262 0 1477010461400000 -24.013 -7.063 -3.432 3.359
R 25.072 -2.902 2.270 1477010461450000 -24.182 -6.893 -3.338 3.451
L -24.257 -6.435 0 1477010461500000 -24.347 -6.718 -3.242 3.541
R 25.808 -2.860 1.933 1477010461550000 -24.507 -6.539 -3.143 3.629
L -24.301 -6.438 0 1477010461600000 -24.661 -6.355 -3.042 3.713
R 25.334 -2.902 1.890 1477010461650000 -24.811 -6.168 -2.938 3.796
L -25.146 -5.919 0 1477010461700000 -24.955 -5.976 -2.833 3.875
R 25.399 -2.943 1.814 1477010461750000 -25.094 -5.780 -2.725 3.951
L -25.194 -5.644 0 1477010461800000 -25.228 -5.581 -2.616 4.025
R 26.106 -2.932 1.921 1477010461850000 -25.356 -5.378 -2.504 4.096
L -25.571 -5.102 0 1477010461900000 -25.478 -5.171 -2.391 4.163
R 25.863 -2.885 1.927 1477010461950000 -25.595 -4.962 -2.276 4.228
L -25.695 -4.900 0 1477010462000000 -25.706 -4.749 -2.160 4.289
R 26.190 -2.973 1.633 1477010462050000 -25.811 -4.533 -2.041 4.348
L -25.952 -4.267 0 1477010462100000 -25.910 -4.314 -1.922 4.403
R 27.259 -2.978 0.843 1477010462150000 -26.003 -4.092 -1.801 4.455
L -26.120 -3.677 0 1477010462200000 -26.090 -3.869 -1.679 4.503
R 26.844 -2.997 0.594 1477010462250000 -26.171 -3.642 -1.556 4.549
L -25.997 -3.247 0 1477010462300000 -26.245 -3.414 -1.432 4.591
R 26.469 -3.028 0.431 1477010462350000 -26.314 -3.183 -1.307 4.630
L -26.174 -2.879 0 1477010462400000 -26.376 -2.951 -1.182 4.665
R 26.692 -3.012 0.454 1477010462450000 -26.432 -2.717 -1.055 4.697
L -26.674 -2.739 0 1477010462500000 -26.482 -2.481 -0.928 4.726
R 26.713 -3.077 0.497 1477010462550000 -26.525 -2.245 -0.801 4.751
L -26.669 -2.173 0 1477010462600000 -26.562 -2.007 -0.673 4.773
R 26.358 -3.091 0.423 1477010462650000 -26.592 -1.767 -0.546 4.791
L -26.467 -1.532 0 1477010462700000 -26.616 -1.528 -0.418 4.807
R 26.591 -3.059 -0.250 1477010462750000 -26.634 -1.287 -0.290 4.819
L -26.600 -1.143 0 1477010462800000 -26.645 -1.046 -0.162 4.827
R 27.252 -3.080 -0.162 1477010462850000 -26.650 -0.804 -0.034 4.832
L -26.735 -0.595 0 1477010462900000 -26.648 -0.563 0.094 4.834
R 26.989 -3.143 -0.612 1477010462950000 -26.641 -0.321 0.221 4.833
L -26.455 0.060 0 1477010463000000 -26.626 -0.080 0.347 4.829
R 26.954 3.137 -0.730 1477010463050000 -26.606 0.161 0.473 4.821
L -26.620 0.576 0 1477010463100000 -26.579 0.402 0.598 4.810
R 26.827 3.127 -0.525 1477010463150000 -26.546 0.642 0.723 4.797
L -26.729 1.061 0 1477010463200000 -26.507 0.882 0.846 4.780
R 26.086 3.042 -0.380 1477010463250000 -26.462 1.120 0.969 4.760
L -26.399 1.422 0 1477010463300000 -26.410 1.357 1.091 4.737
R 26.513 3.163 -0.675 1477010463350000 -26.353 1.594 1.211 4.712
L -26.359 1.793 0 1477010463400000 -26.289 1.828 1.330 4.683
R 26.411 3.072 -1.062 1477010463450000 -26.220 2.062 1.448 4.652
L -26.250 2.185 0 1477010463500000 -26.144 2.293 1.565 4.619
R 26.168 3.054 -0.856 1477010463550000 -26.063 2.523 1.680 4.582
L -26.064 2.807 0 1477010463600000 -25.976 2.751 1.793 4.543
R 26.497 3.027 -1.608 1477010463650000 -25.884 2.977 1.905 4.502
L -25.834 3.420 0 1477010463700000 -25.786 3.201 2.016 4.458
R 26.447 3.000 -1.436 1477010463750000 -25.683 3.423 2.125 4.412
L -25.667 3.635 0 1477010463800000 -25.574 3.642 2.231 4.364
R 25.768 3.020 -1.632 1477010463850000 -25.460 3.859 2.337 4.314
L -25.749 4.000 0 1477010463900000 -25.340 4.074 2.440 4.261
R 25.628 2.994 -1.706 1477010463950000 -25.216 4.285 2.541 4.207
L -25.021 4.528 0 1477010464000000 -25.086 4.494 2.641 4.151
R 24.651 2.966 -1.642 1477010464050000 -24.952 4.700 2.738 4.093
L -25.036 4.885 0 1477010464100000 -24.813 4.903 2.834 4.033
R 24.861 2.941 -1.974 1477010464150000 -24.669 5.103 2.927 3.971
L -24.504 5.353 0 1477010464200000 -24.520 5.300 3.018 3.908
R 24.995 2.930 -2.493 1477010464250000 -24.367 5.494 3.108 3.844
L -24.116 5.612 0 1477010464300000 -24.210 5.684 3.195 3.778
R 25.020 2.950 -2.652 1477010464350000 -24.048 5.871 3.280 3.711
L -23.915 5.944 0 1477010464400000 -23.882 6.055 3.362 3.643
R 24.415 2.874 -1.955 1477010464450000 -23.712 6.235 3.443 3.574
L -23.647 6.291 0 1477010464500000 -23.538 6.412 3.521 3.504
R 24.638 2.873 -2.306 1477010464550000 -23.360 6.586 3.598 3.432
L -23.010 6.862 0 1477010464600000 -23.178 6.755 3.672 3.360
R 23.498 2.895 -2.544 1477010464650000 -22.993 6.921 3.744 3.288
L -22.699 7.063 0 1477010464700000 -22.804 7.084 3.813 3.214
R 23.415 2.849 -2.970 1477010464750000 -22.612 7.243 3.881 3.140
L -22.508 7.315 0 1477010464800000 -22.416 7.398 3.946 3.066
R 23.411 2.799 -3.477 1477010464850000 -22.217 7.549 4.010 2.991
L -22.195 7.695 0 1477010464900000 -22.015 7.697 4.071 2.916
R 23.430 2.746 -2.708 1477010464950000 -21.810 7.841 4.130 2.841
L -21.647 7.940 0 1477010465000000 -21.603 7.981 4.187 2.765
R 23.209 2.799 -2.950 1477010465050000 -21.392 8.117 4.242 2.690
L -21.085 7.832 0 1477010465100000 -21.179 8.250 4.294 2.614
R 22.551 2.717 -2.605 1477010465150000 -20.963 8.378 4.345 2.539
L -21.052 8.510 0 1477010465200000 -20.744 8.503 4.394 2.463
R 22.036 2.700 -3.401 1477010465250000 -20.524 8.625 4.441 2.388
L -20.210 8.689 0 1477010465300000 -20.301 8.742 4.486 2.314
R 22.080 2.729 -2.811 1477010465350000 -20.075 8.856 4.529 2.239
L -20.063 8.867 0 1477010465400000 -19.848 8.966 4.570 2.165
R 21.776 2.726 -2.800 1477010465450000 -19.619 9.072 4.609 2.092
L -19.486 8.967 0 1477010465500000 -19.387 9.175 4.647 2.019
R 21.192 2.639 -3.307 1477010465550000 -19.154 9.274 4.683 1.947
L -18.679 9.192 0 1477010465600000 -18.919 9.370 4.717 1.875
R 21.272 2.706 -3.383 1477010465650000 -18.683 9.462 4.749 1.804
L -18.424 9.469 0 1477010465700000 -18.445 9.550 4.780 1.734
R 20.150 2.694 -3.971 1477010465750000 -18.205 9.635 4.810 1.665
L -17.774 9.725 0 1477010465800000 -17.964 9.716 4.837 1.597
R 19.910 2.617 -3.295 1477010465850000 -17.721 9.795 4.864 1.530
L -17.344 9.881 0 1477010465900000 -17.478 9.869 4.889 1.463
R 19.965 2.605 -3.664 1477010465950000 -17.233 9.941 4.912 1.398
L -16.888 10.145 0 1477010466000000 -16.987 10.009 4.934 1.334
R 19.432 2.595 -3.651 1477010466050000 -16.740 10.074 4.955 1.271
L -16.515 10.309 0 1477010466100000 -16.491 10.136 4.975 1.209
R 19.258 2.560 -3.716 1477010466150000 -16.242 10.195 4.993 1.149
L -16.006 10.184 0 1477010466200000 -15.992 10.251 5.010 1.090
R 18.857 2.557 -3.531 1477010466250000 -15.742 10.304 5.027 1.032
L -15.570 10.190 0 1477010466300000 -15.490 10.354 5.042 0.975
R 17.938 2.488 -4.223 1477010466350000 -15.238 10.402 5.056 0.920
L -14.936 10.472 0 1477010466400000 -14.985 10.446 5.069 0.866
R 17.596 2.562 -3.318 1477010466450000 -14.731 10.488 5.081 0.813
L -14.409 10.222 0 1477010466500000 -14.477 10.528 5.092 0.762
R 17.435 2.494 -3.803 1477010466550000 -14.222 10.564 5.103 0.713
L -13.805 10.938 0 1477010466600000 -13.967 10.599 5.113 0.665
R 17.198 2.464 -3.314 1477010466650000 -13.711 10.631 5.122 0.618
L -13.356 10.552 0 1477010466700000 -13.455 10.661 5.130 0.574
R 16.862 2.445 -3.744 1477010466750000 -13.198 10.688 5.137 0.530
L -12.959 11.010 0 1477010466800000 -12.941 10.714 5.144 0.489
R 16.633 2.399 -3.455 1477010466850000 -12.684 10.737 5.151 0.448
L -12.371 10.609 0 1477010466900000 -12.426 10.759 5.157 0.410
R 16.174 2.401 -3.361 1477010466950000 -12.168 10.778 5.162 0.373
L -11.945 11.052 0 1477010467000000 -11.910 10.796 5.167 0.338
R 15.512 2.356 -3.457 1477010467050000 -11.652 10.812 5.171 0.305
L -11.455 10.941 0 1477010467100000 -11.393 10.827 5.175 0.273
R 15.467 2.394 -4.450 1477010467150000 -11.134 10.839 5.178 0.243
L -10.601 10.682 0 1477010467200000 -10.875 10.851 5.182 0.214
R 15.198 2.348 -3.728 1477010467250000 -10.616 10.861 5.184 0.188
L -10.414 10.875 0 1477010467300000 -10.357 10.870 5.187 0.163
R 14.970 2.294 -2.909 1477010467350000 -10.098 10.877 5.189 0.140
L -9.834 11.103 0 1477010467400000 -9.838 10.884 5.191 0.118
R 14.528 2.349 -3.349 1477010467450000 -9.579 10.889 5.193 0.099
L -9.307 11.035 0 1477010467500000 -9.319 10.894 5.194 0.081
R 13.865 2.299 -3.203 1477010467550000 -9.059 10.897 5.196 0.065
L -8.789 11.071 0 1477010467600000 -8.799 10.900 5.197 0.050
R 13.370 2.293 -3.216 1477010467650000 -8.540 10.902 5.198 0.038
L -8.620 10.658 0 1477010467700000 -8.280 10.904 5.198 0.027
R 13.646 2.190 -2.987 1477010467750000 -8.020 10.905 5.199 0.018
L -7.520 11.000 0 1477010467800000 -7.760 10.906 5.199 0.011
R 12.886 2.169 -2.779 1477010467850000 -7.500 10.906 5.200 0.005
L -7.156 10.815 0 1477010467900000 -7.240 10.906 5.200 0.002
