Listening to port 4567
Connected!!!
1477010443000000 L 0.312 0.580 0 0.600 0.600 5.200 0.000 0.000 0.000 0.312 0.580 0.000 0.000 0.288 0.020 5.200 0.000
1477010443050000 R 0.863 0.534 4.893 0.860 0.600 5.200 0.002 0.312 0.580 0.714 0.466 8.585 -0.000 0.228 0.096 4.388 0.001
1477010443100000 L 1.174 0.481 0 1.120 0.600 5.199 0.005 0.312 0.580 0.714 0.466 8.585 -0.000 0.299 0.110 4.081 0.003
1477010443150000 R 0.969 0.398 4.511 1.380 0.601 5.199 0.011 1.397 0.466 0.711 0.187 7.697 -0.046 0.423 0.228 3.748 0.029
1477010443200000 L 1.651 0.625 0 1.640 0.601 5.198 0.018 1.397 0.466 0.711 0.187 7.697 -0.046 0.562 0.276 3.534 0.038
1477010443250000 R 1.623 0.499 5.210 1.900 0.602 5.198 0.027 1.309 0.172 1.446 0.275 6.276 -0.191 0.546 0.285 3.256 0.096
1477010443300000 L 2.189 0.649 0 2.160 0.604 5.197 0.038 1.309 0.172 1.446 0.275 6.276 -0.191 0.573 0.292 3.042 0.124
1477010443350000 R 1.967 0.557 5.044 2.420 0.606 5.196 0.050 1.872 0.238 1.932 0.541 6.377 1.291 0.563 0.274 2.876 0.454
1477010443400000 L 2.655 0.666 0 2.679 0.609 5.195 0.065 1.872 0.238 1.932 0.541 6.377 1.291 0.586 0.259 2.740 0.592
1477010443450000 R 2.920 0.646 5.192 2.939 0.613 5.193 0.081 2.373 0.623 2.672 0.599 6.078 0.722 0.563 0.246 2.614 0.597
1477010443500000 L 3.012 0.637 0 3.199 0.617 5.191 0.099 2.373 0.623 2.672 0.599 6.078 0.722 0.559 0.234 2.507 0.600
1477010443550000 R 3.561 0.485 5.162 3.458 0.623 5.190 0.118 3.134 0.669 3.387 0.551 4.196 -4.554 0.536 0.225 2.417 1.466
1477010443600000 L 3.894 0.312 0 3.718 0.629 5.188 0.140 3.134 0.669 3.387 0.551 4.196 -4.554 0.523 0.218 2.339 1.918
1477010443650000 R 4.198 0.698 5.433 3.977 0.637 5.185 0.163 3.626 0.131 4.008 0.591 4.690 -0.046 0.504 0.210 2.258 1.849
1477010443700000 L 4.309 0.579 0 4.236 0.645 5.183 0.188 3.626 0.131 4.008 0.591 4.690 -0.046 0.491 0.203 2.185 1.787
1477010443750000 R 4.619 0.690 5.121 4.495 0.655 5.180 0.214 4.447 0.567 4.538 0.639 5.566 0.759 0.475 0.197 2.118 1.736
1477010443800000 L 4.351 0.899 0 4.754 0.667 5.176 0.243 4.447 0.567 4.538 0.639 5.566 0.759 0.464 0.191 2.057 1.688
1477010443850000 R 5.209 0.666 4.826 5.013 0.680 5.173 0.273 5.008 0.712 5.092 0.662 5.828 0.414 0.451 0.186 2.005 1.641
1477010443900000 L 5.519 0.648 0 5.272 0.694 5.169 0.304 5.008 0.712 5.092 0.662 5.828 0.414 0.441 0.181 1.957 1.598
1477010443950000 R 5.228 0.639 5.424 5.530 0.710 5.164 0.338 5.553 0.702 5.529 0.683 6.815 0.151 0.430 0.177 1.943 1.558
1477010444000000 L 6.022 0.709 0 5.788 0.728 5.159 0.373 5.553 0.702 5.529 0.683 6.815 0.151 0.423 0.173 1.930 1.521
1477010444050000 R 5.894 0.374 4.880 6.046 0.748 5.154 0.410 6.047 0.693 6.023 0.447 6.230 -3.566 0.414 0.180 1.900 1.711
1477010444100000 L 6.342 0.949 0 6.304 0.769 5.148 0.448 6.047 0.693 6.023 0.447 6.230 -3.566 0.409 0.189 1.872 1.871
1477010444150000 R 6.621 0.836 5.007 6.561 0.793 5.142 0.488 6.459 0.130 6.511 0.655 6.682 -0.799 0.400 0.187 1.859 1.850
1477010444200000 L 6.782 0.714 0 6.818 0.818 5.135 0.530 6.459 0.130 6.511 0.655 6.682 -0.799 0.397 0.186 1.847 1.832
1477010444250000 R 7.291 0.631 4.649 7.075 0.846 5.127 0.573 7.040 0.518 7.088 0.594 5.820 -0.449 0.389 0.189 1.817 1.808
1477010444300000 L 7.137 0.957 0 7.331 0.875 5.119 0.618 7.040 0.518 7.088 0.594 5.820 -0.449 0.385 0.193 1.788 1.786
1477010444350000 R 8.083 0.820 5.464 7.587 0.907 5.109 0.665 7.554 0.524 7.747 0.691 6.187 1.667 0.379 0.194 1.767 1.764
1477010444400000 L 7.805 0.719 0 7.842 0.942 5.100 0.712 7.554 0.524 7.747 0.691 6.187 1.667 0.373 0.196 1.748 1.742
1477010444450000 R 8.405 0.885 4.751 8.097 0.979 5.089 0.762 8.191 0.833 8.288 0.865 5.730 3.069 0.368 0.194 1.723 1.764
1477010444500000 L 8.248 0.840 0 8.351 1.018 5.078 0.813 8.191 0.833 8.288 0.865 5.730 3.069 0.363 0.193 1.699 1.782
1477010444550000 R 8.459 1.411 5.581 8.605 1.060 5.065 0.865 8.672 1.159 8.665 1.367 5.734 6.294 0.357 0.198 1.676 1.999
1477010444600000 L 8.746 1.049 0 8.858 1.105 5.052 0.919 8.672 1.159 8.665 1.367 5.734 6.294 0.353 0.200 1.655 2.180
1477010444650000 R 9.881 1.142 5.241 9.110 1.152 5.038 0.974 9.009 1.929 9.494 1.268 6.214 0.275 0.354 0.198 1.643 2.151
1477010444700000 L 9.256 1.049 0 9.362 1.202 5.023 1.031 9.009 1.929 9.494 1.268 6.214 0.275 0.350 0.195 1.632 2.124
1477010444750000 R 10.102 1.525 5.312 9.613 1.255 5.007 1.089 9.969 1.301 10.050 1.453 6.896 -0.432 0.352 0.195 1.639 2.109
1477010444800000 L 10.048 1.446 0 9.863 1.311 4.989 1.148 9.969 1.301 10.050 1.453 6.896 -0.432 0.349 0.194 1.647 2.097
1477010444850000 R 10.538 1.726 4.807 10.112 1.370 4.971 1.208 10.563 1.406 10.537 1.602 6.829 1.128 0.351 0.195 1.653 2.069
1477010444900000 L 10.249 1.459 0 10.360 1.432 4.951 1.270 10.563 1.406 10.537 1.602 6.829 1.128 0.348 0.195 1.659 2.043
1477010444950000 R 10.908 1.703 4.564 10.607 1.497 4.930 1.333 11.011 1.651 10.980 1.696 6.890 2.089 0.348 0.195 1.668 2.020
1477010445000000 L 10.731 1.453 0 10.853 1.565 4.908 1.397 11.011 1.651 10.980 1.696 6.890 2.089 0.345 0.193 1.676 1.999
1477010445050000 R 11.478 1.429 5.142 11.098 1.637 4.884 1.462 11.426 1.854 11.514 1.570 7.832 -0.237 0.347 0.191 1.717 1.992
1477010445100000 L 11.587 1.615 0 11.342 1.712 4.859 1.528 11.426 1.854 11.514 1.570 7.832 -0.237 0.344 0.190 1.757 1.987
1477010445150000 R 11.476 1.539 4.869 11.584 1.790 4.833 1.596 12.022 1.561 11.788 1.561 8.407 -1.032 0.341 0.191 1.818 2.004
1477010445200000 L 11.779 1.746 0 11.825 1.871 4.805 1.664 12.022 1.561 11.788 1.561 8.407 -1.032 0.337 0.195 1.876 2.022
1477010445250000 R 12.136 2.149 5.278 12.065 1.956 4.776 1.733 12.321 1.458 12.238 1.967 7.555 3.923 0.335 0.193 1.901 2.026
1477010445300000 L 12.323 1.784 0 12.303 2.045 4.745 1.803 12.321 1.458 12.238 1.967 7.555 3.923 0.331 0.191 1.924 2.028
1477010445350000 R 12.546 1.777 5.317 12.539 2.137 4.713 1.873 12.713 2.237 12.682 1.913 8.696 2.445 0.328 0.192 1.989 2.008
1477010445400000 L 12.592 2.175 0 12.774 2.232 4.678 1.945 12.713 2.237 12.682 1.913 8.696 2.445 0.325 0.195 2.051 1.989
1477010445450000 R 13.220 2.664 5.446 13.007 2.331 4.643 2.017 13.234 2.129 13.239 2.527 7.289 6.236 0.324 0.195 2.064 2.057
1477010445500000 L 13.087 2.407 0 13.239 2.434 4.605 2.090 13.234 2.129 13.239 2.527 7.289 6.236 0.320 0.194 2.078 2.118
1477010445550000 R 12.709 3.124 4.513 13.468 2.540 4.566 2.163 13.641 3.018 13.208 3.115 6.175 8.570 0.319 0.208 2.070 2.278
1477010445600000 L 13.836 2.625 0 13.696 2.651 4.524 2.237 13.641 3.018 13.208 3.115 6.175 8.570 0.323 0.215 2.063 2.418
1477010445650000 R 13.830 2.739 4.806 13.921 2.764 4.481 2.311 13.502 3.764 13.750 2.959 7.895 2.828 0.321 0.215 2.096 2.397
1477010445700000 L 14.211 2.942 0 14.144 2.882 4.437 2.386 13.502 3.764 13.750 2.959 7.895 2.828 0.323 0.213 2.129 2.376
1477010445750000 R 14.557 2.870 5.233 14.365 3.003 4.390 2.461 14.302 3.184 14.425 2.967 7.832 0.459 0.320 0.211 2.159 2.369
1477010445800000 L 14.462 2.907 0 14.583 3.128 4.341 2.536 14.302 3.184 14.425 2.967 7.832 0.459 0.318 0.211 2.189 2.365
1477010445850000 R 14.675 3.960 5.157 14.799 3.257 4.290 2.612 14.983 2.968 14.824 3.607 7.060 4.088 0.315 0.214 2.201 2.352
1477010445900000 L 15.026 3.507 0 15.012 3.389 4.237 2.687 14.983 2.968 14.824 3.607 7.060 4.088 0.313 0.214 2.213 2.339
1477010445950000 R 15.368 4.148 4.666 15.223 3.526 4.183 2.762 15.306 3.856 15.321 4.044 5.781 5.753 0.311 0.222 2.204 2.352
1477010446000000 L 15.524 3.829 0 15.431 3.666 4.126 2.838 15.306 3.856 15.321 4.044 5.781 5.753 0.309 0.226 2.196 2.362
1477010446050000 R 15.723 3.411 4.786 15.636 3.810 4.067 2.913 15.664 4.469 15.789 3.755 7.603 1.715 0.307 0.224 2.224 2.348
1477010446100000 L 15.977 4.001 0 15.837 3.957 4.006 2.988 15.664 4.469 15.789 3.755 7.603 1.715 0.304 0.224 2.252 2.335
1477010446150000 R 16.338 4.216 4.410 16.036 4.109 3.943 3.063 16.306 3.892 16.281 4.089 7.410 1.471 0.304 0.222 2.276 2.325
1477010446200000 L 16.331 4.445 0 16.232 4.264 3.877 3.137 16.306 3.892 16.281 4.089 7.410 1.471 0.301 0.221 2.301 2.316
1477010446250000 R 16.759 4.482 4.725 16.424 4.422 3.810 3.211 16.787 4.153 16.771 4.366 7.406 2.217 0.302 0.220 2.326 2.302
1477010446300000 L 16.604 4.673 0 16.613 4.585 3.740 3.284 16.787 4.153 16.771 4.366 7.406 2.217 0.300 0.220 2.351 2.288
1477010446350000 R 16.924 5.101 3.910 16.798 4.751 3.668 3.357 17.256 4.466 17.036 4.887 5.736 4.756 0.300 0.219 2.348 2.278
1477010446400000 L 16.995 5.211 0 16.980 4.921 3.594 3.429 17.256 4.466 17.036 4.887 5.736 4.756 0.297 0.217 2.345 2.267
1477010446450000 R 17.342 4.646 4.232 17.158 5.094 3.518 3.500 17.403 5.198 17.419 4.853 7.074 2.966 0.297 0.218 2.366 2.251
1477010446500000 L 17.289 5.435 0 17.332 5.271 3.440 3.570 17.403 5.198 17.419 4.853 7.074 2.966 0.295 0.222 2.389 2.237
1477010446550000 R 17.646 4.746 4.060 17.502 5.451 3.359 3.639 17.837 5.086 17.763 4.879 7.716 1.115 0.295 0.230 2.427 2.241
1477010446600000 L 17.785 5.625 0 17.668 5.635 3.276 3.708 17.837 5.086 17.763 4.879 7.716 1.115 0.293 0.245 2.466 2.246
1477010446650000 R 17.922 6.072 3.862 17.830 5.822 3.192 3.775 18.247 4.968 18.044 5.672 5.645 5.460 0.292 0.244 2.466 2.239
1477010446700000 L 18.126 6.170 0 17.987 6.013 3.105 3.840 18.247 4.968 18.044 5.672 5.645 5.460 0.290 0.246 2.467 2.232
1477010446750000 R 18.125 6.790 4.079 18.140 6.206 3.015 3.905 18.383 6.039 18.255 6.530 1.567 8.668 0.288 0.247 2.456 2.284
1477010446800000 L 18.216 6.661 0 18.289 6.403 2.924 3.968 18.383 6.039 18.255 6.530 1.567 8.668 0.287 0.246 2.445 2.331
1477010446850000 R 18.402 7.022 3.876 18.433 6.603 2.831 4.029 18.199 7.103 18.489 6.990 4.576 7.479 0.285 0.248 2.437 2.349
1477010446900000 L 18.542 6.760 0 18.572 6.806 2.736 4.089 18.199 7.103 18.489 6.990 4.576 7.479 0.283 0.247 2.431 2.365
1477010446950000 R 18.809 7.244 4.112 18.706 7.012 2.638 4.147 18.823 7.585 18.796 7.372 5.131 6.229 0.282 0.249 2.431 2.362
1477010447000000 L 19.144 7.183 0 18.836 7.221 2.539 4.203 18.823 7.585 18.796 7.372 5.131 6.229 0.280 0.248 2.433 2.358
1477010447050000 R 18.548 7.401 3.506 18.960 7.433 2.438 4.257 19.105 7.833 18.910 7.493 6.788 4.028 0.278 0.247 2.466 2.344
1477010447100000 L 19.014 7.869 0 19.080 7.647 2.335 4.310 19.105 7.833 18.910 7.493 6.788 4.028 0.277 0.246 2.499 2.330
1477010447150000 R 19.309 7.674 3.786 19.194 7.864 2.229 4.360 19.319 7.812 19.297 7.716 7.097 2.695 0.276 0.245 2.540 2.323
1477010447200000 L 19.132 8.128 0 19.303 8.083 2.123 4.408 19.319 7.812 19.297 7.716 7.097 2.695 0.274 0.247 2.582 2.317
1477010447250000 R 19.024 8.172 3.775 19.406 8.305 2.014 4.454 19.725 7.875 19.367 8.096 6.742 4.780 0.272 0.246 2.618 2.303
1477010447300000 L 19.347 8.307 0 19.504 8.529 1.904 4.498 19.725 7.875 19.367 8.096 6.742 4.780 0.271 0.249 2.654 2.290
1477010447350000 R 19.684 8.359 3.382 19.597 8.755 1.792 4.540 19.785 8.385 19.698 8.360 5.926 5.367 0.270 0.251 2.675 2.279
1477010447400000 L 20.004 8.891 0 19.683 8.983 1.678 4.578 19.785 8.385 19.698 8.360 5.926 5.367 0.268 0.258 2.698 2.268
1477010447450000 R 19.606 9.487 3.224 19.765 9.213 1.563 4.615 20.031 8.707 19.766 9.209 2.437 8.235 0.267 0.257 2.684 2.287
1477010447500000 L 20.157 9.459 0 19.840 9.445 1.447 4.649 20.031 8.707 19.766 9.209 2.437 8.235 0.266 0.257 2.672 2.305
1477010447550000 R 19.616 9.766 2.967 19.909 9.678 1.329 4.680 19.788 9.742 19.795 9.737 2.093 8.839 0.264 0.255 2.658 2.333
1477010447600000 L 20.157 9.909 0 19.973 9.913 1.210 4.708 19.788 9.742 19.795 9.737 2.093 8.839 0.264 0.255 2.645 2.360
1477010447650000 R 19.191 11.549 3.373 20.030 10.149 1.090 4.734 19.789 10.376 19.478 11.190 -0.561 11.939 0.268 0.275 2.637 2.462
1477010447700000 L 20.166 10.469 0 20.082 10.386 0.968 4.757 19.789 10.376 19.478 11.190 -0.561 11.939 0.274 0.286 2.628 2.558
1477010447750000 R 19.677 10.803 2.777 20.127 10.625 0.846 4.777 19.268 11.983 19.683 11.137 1.405 9.683 0.276 0.289 2.615 2.593
1477010447800000 L 20.371 11.011 0 20.166 10.864 0.722 4.793 19.268 11.983 19.683 11.137 1.405 9.683 0.279 0.289 2.602 2.627
1477010447850000 R 19.433 12.340 3.018 20.199 11.104 0.598 4.807 19.757 11.872 19.540 12.127 -1.059 9.996 0.286 0.305 2.594 2.666
1477010447900000 L 20.316 11.348 0 20.226 11.345 0.473 4.818 19.757 11.872 19.540 12.127 -1.059 9.996 0.293 0.314 2.585 2.703
1477010447950000 R 19.206 12.242 2.088 20.247 11.586 0.347 4.826 19.317 12.814 19.373 12.437 0.516 9.400 0.304 0.324 2.573 2.728
1477010448000000 L 20.614 11.942 0 20.261 11.828 0.220 4.830 19.317 12.814 19.373 12.437 0.516 9.400 0.315 0.328 2.560 2.752
1477010448050000 R 19.966 11.969 3.009 20.269 12.069 0.093 4.832 19.352 13.171 19.728 12.373 2.459 5.769 0.318 0.328 2.558 2.740
1477010448100000 L 20.326 12.497 0 20.270 12.311 -0.034 4.830 19.352 13.171 19.728 12.373 2.459 5.769 0.321 0.326 2.558 2.728
1477010448150000 R 20.019 12.482 1.965 20.265 12.552 -0.162 4.825 19.838 12.895 19.911 12.603 2.371 3.469 0.321 0.324 2.557 2.719
1477010448200000 L 20.498 12.892 0 20.254 12.793 -0.289 4.816 19.838 12.895 19.911 12.603 2.371 3.469 0.321 0.323 2.558 2.709
1477010448250000 R 20.915 12.256 2.163 20.236 13.034 -0.417 4.804 19.991 12.925 20.360 12.581 2.929 2.316 0.320 0.325 2.567 2.707
1477010448300000 L 20.194 13.169 0 20.212 13.274 -0.545 4.789 19.991 12.925 20.360 12.581 2.929 2.316 0.319 0.330 2.577 2.705
1477010448350000 R 19.858 13.524 2.138 20.182 13.513 -0.673 4.771 20.489 12.811 20.236 13.151 2.955 3.143 0.318 0.331 2.589 2.697
1477010448400000 L 20.325 13.890 0 20.145 13.751 -0.801 4.749 20.489 12.811 20.236 13.151 2.955 3.143 0.316 0.334 2.602 2.689
1477010448450000 R 20.339 13.531 1.749 20.102 13.988 -0.928 4.724 20.376 13.403 20.333 13.453 2.634 3.124 0.316 0.336 2.612 2.681
1477010448500000 L 20.122 14.337 0 20.052 14.223 -1.055 4.695 20.376 13.403 20.333 13.453 2.634 3.124 0.315 0.343 2.624 2.673
1477010448550000 R 19.672 14.404 1.731 19.996 14.457 -1.181 4.663 20.434 13.682 20.143 14.032 1.888 4.542 0.314 0.344 2.628 2.661
1477010448600000 L 19.781 14.773 0 19.934 14.690 -1.307 4.628 20.434 13.682 20.143 14.032 1.888 4.542 0.313 0.348 2.633 2.649
1477010448650000 R 20.115 14.016 1.713 19.865 14.920 -1.432 4.589 20.174 14.333 20.207 14.174 2.187 4.263 0.314 0.353 2.644 2.638
1477010448700000 L 20.021 15.205 0 19.791 15.149 -1.556 4.548 20.174 14.333 20.207 14.174 2.187 4.263 0.315 0.363 2.655 2.626
1477010448750000 R 20.016 15.344 0.480 19.710 15.375 -1.679 4.502 20.227 14.468 20.028 14.897 -0.979 5.409 0.315 0.364 2.645 2.616
1477010448800000 L 19.913 15.554 0 19.623 15.599 -1.801 4.454 20.227 14.468 20.028 14.897 -0.979 5.409 0.316 0.368 2.634 2.607
1477010448850000 R 19.939 15.086 1.140 19.530 15.820 -1.922 4.402 19.830 15.151 19.995 15.107 -0.341 5.298 0.317 0.373 2.627 2.597
1477010448900000 L 19.475 16.010 0 19.431 16.039 -2.041 4.347 19.830 15.151 19.995 15.107 -0.341 5.298 0.320 0.381 2.621 2.587
1477010448950000 R 19.156 16.002 1.212 19.326 16.255 -2.159 4.289 19.880 15.495 19.557 15.789 -2.802 6.705 0.319 0.382 2.610 2.586
1477010449000000 L 19.238 16.272 0 19.215 16.468 -2.276 4.227 19.880 15.495 19.557 15.789 -2.802 6.705 0.320 0.385 2.600 2.585
1477010449050000 R 19.401 16.296 0.723 19.098 16.678 -2.391 4.163 19.235 16.183 19.361 16.225 -1.671 6.755 0.319 0.386 2.590 2.585
1477010449100000 L 19.003 16.839 0 18.976 16.884 -2.504 4.095 19.235 16.183 19.361 16.225 -1.671 6.755 0.320 0.389 2.581 2.586
1477010449150000 R 18.837 17.711 -0.061 18.848 17.087 -2.616 4.025 19.225 16.732 18.912 17.052 -2.984 5.443 0.319 0.387 2.571 2.578
1477010449200000 L 18.615 17.383 0 18.714 17.287 -2.725 3.951 19.225 16.732 18.912 17.052 -2.984 5.443 0.318 0.386 2.560 2.572
1477010449250000 R 18.818 17.032 1.064 18.575 17.482 -2.833 3.875 18.586 17.473 18.737 17.297 -1.986 5.169 0.317 0.385 2.551 2.564
1477010449300000 L 18.102 17.553 0 18.431 17.674 -2.939 3.796 18.586 17.473 18.737 17.297 -1.986 5.169 0.317 0.385 2.543 2.557
1477010449350000 R 18.275 17.488 0.672 18.281 17.862 -3.042 3.714 18.534 17.688 18.435 17.568 -1.573 4.999 0.316 0.384 2.536 2.549
1477010449400000 L 18.209 18.046 0 18.127 18.045 -3.143 3.629 18.534 17.688 18.435 17.568 -1.573 4.999 0.316 0.385 2.530 2.542
1477010449450000 R 18.302 17.498 -0.093 17.967 18.225 -3.242 3.542 18.198 17.960 18.240 17.727 -1.160 3.810 0.315 0.386 2.527 2.533
1477010449500000 L 17.902 18.218 0 17.803 18.399 -3.338 3.452 18.198 17.960 18.240 17.727 -1.160 3.810 0.317 0.389 2.524 2.523
1477010449550000 R 18.856 18.136 0.152 17.633 18.570 -3.432 3.360 18.035 17.959 18.391 17.931 -0.264 3.115 0.322 0.391 2.530 2.514
1477010449600000 L 17.385 18.704 0 17.459 18.735 -3.524 3.265 18.035 17.959 18.391 17.931 -0.264 3.115 0.331 0.396 2.536 2.504
1477010449650000 R 17.795 18.080 -0.253 17.281 18.896 -3.613 3.168 18.239 18.172 18.039 18.122 -0.391 2.909 0.336 0.400 2.542 2.495
1477010449700000 L 17.176 18.886 0 17.098 19.052 -3.699 3.069 18.239 18.172 18.039 18.122 -0.391 2.909 0.345 0.407 2.548 2.486
1477010449750000 R 16.940 19.731 -0.164 16.911 19.203 -3.782 2.968 17.908 18.340 17.406 18.955 -3.068 4.104 0.346 0.406 2.540 2.478
1477010449800000 L 16.573 19.052 0 16.720 19.349 -3.863 2.865 17.908 18.340 17.406 18.955 -3.068 4.104 0.350 0.406 2.531 2.472
1477010449850000 R 16.167 20.220 -0.530 16.525 19.489 -3.940 2.759 17.087 19.145 16.748 19.563 -5.651 4.084 0.349 0.404 2.526 2.465
1477010449900000 L 16.234 19.617 0 16.326 19.625 -4.015 2.652 17.087 19.145 16.748 19.563 -5.651 4.084 0.349 0.403 2.521 2.459
1477010449950000 R 16.437 18.274 -0.868 16.124 19.755 -4.087 2.544 16.220 19.767 16.410 19.260 -4.022 -1.210 0.349 0.404 2.512 2.471
1477010450000000 L 15.924 19.870 0 15.918 19.879 -4.156 2.433 16.220 19.767 16.410 19.260 -4.022 -1.210 0.350 0.406 2.503 2.481
1477010450050000 R 16.233 19.217 -0.422 15.708 19.998 -4.222 2.321 16.149 19.117 16.328 19.189 -0.937 -1.748 0.353 0.410 2.510 2.496
1477010450100000 L 15.433 20.184 0 15.496 20.111 -4.285 2.208 16.149 19.117 16.328 19.189 -0.937 -1.748 0.358 0.416 2.516 2.509
1477010450150000 R 14.368 21.341 -0.746 15.280 20.219 -4.344 2.093 16.301 19.058 15.790 19.816 -0.678 -0.415 0.360 0.415 2.526 2.509
1477010450200000 L 15.202 20.439 0 15.061 20.320 -4.401 1.978 16.301 19.058 15.790 19.816 -0.678 -0.415 0.364 0.416 2.536 2.508
1477010450250000 R 14.748 19.957 -1.045 14.840 20.416 -4.454 1.861 15.783 19.749 15.560 19.749 -0.721 -1.072 0.367 0.418 2.546 2.512
1477010450300000 L 14.666 20.609 0 14.616 20.506 -4.504 1.743 15.783 19.749 15.560 19.749 -0.721 -1.072 0.374 0.422 2.557 2.514
1477010450350000 R 13.841 21.003 -1.296 14.390 20.590 -4.551 1.624 15.548 19.675 15.144 20.035 -1.245 -0.707 0.378 0.423 2.563 2.513
1477010450400000 L 14.052 20.592 0 14.161 20.669 -4.595 1.504 15.548 19.675 15.144 20.035 -1.245 -0.707 0.385 0.424 2.569 2.511
1477010450450000 R 13.823 20.859 -1.500 13.930 20.741 -4.636 1.384 15.075 19.951 14.786 20.201 -1.415 -0.147 0.390 0.425 2.574 2.505
1477010450500000 L 13.469 20.725 0 13.698 20.807 -4.674 1.263 15.075 19.951 14.786 20.201 -1.415 -0.147 0.399 0.427 2.579 2.500
1477010450550000 R 13.826 20.426 -2.009 13.463 20.867 -4.708 1.142 14.704 20.184 14.464 20.222 -2.967 0.037 0.406 0.429 2.574 2.493
1477010450600000 L 13.107 20.829 0 13.227 20.921 -4.739 1.020 14.704 20.184 14.464 20.222 -2.967 0.037 0.417 0.431 2.570 2.486
1477010450650000 R 13.267 21.158 -1.834 12.990 20.969 -4.767 0.898 14.310 20.252 13.934 20.553 -4.151 1.990 0.422 0.431 2.562 2.480
1477010450700000 L 12.873 21.059 0 12.751 21.011 -4.792 0.775 14.310 20.252 13.934 20.553 -4.151 1.990 0.431 0.431 2.554 2.474
1477010450750000 R 11.517 21.672 -2.031 12.511 21.047 -4.814 0.653 13.704 20.761 13.268 20.779 -4.769 1.267 0.434 0.430 2.546 2.466
1477010450800000 L 12.206 21.110 0 12.269 21.076 -4.832 0.531 13.704 20.761 13.268 20.779 -4.769 1.267 0.440 0.429 2.538 2.459
1477010450850000 R 12.386 21.107 -2.242 12.028 21.100 -4.848 0.409 12.973 20.642 12.795 20.825 -4.361 -2.709 0.443 0.429 2.530 2.464
1477010450900000 L 11.681 20.865 0 11.785 21.117 -4.860 0.287 12.973 20.642 12.795 20.825 -4.361 -2.709 0.449 0.428 2.522 2.467
1477010450950000 R 11.526 20.675 -2.415 11.542 21.128 -4.870 0.165 12.735 20.476 12.356 20.460 0.656 -6.713 0.452 0.430 2.552 2.519
1477010451000000 L 11.363 21.069 0 11.298 21.134 -4.876 0.044 12.735 20.476 12.356 20.460 0.656 -6.713 0.458 0.432 2.581 2.567
1477010451050000 R 10.556 20.557 -2.608 11.054 21.133 -4.880 -0.077 12.700 20.254 11.867 20.077 1.488 -5.568 0.461 0.438 2.622 2.595
1477010451100000 L 10.890 20.927 0 10.810 21.126 -4.881 -0.197 12.700 20.254 11.867 20.077 1.488 -5.568 0.467 0.445 2.661 2.621
1477010451150000 R 9.305 21.390 -2.319 10.567 21.113 -4.878 -0.316 12.214 19.818 11.413 20.202 4.371 -4.868 0.470 0.449 2.749 2.637
1477010451200000 L 10.189 21.209 0 10.323 21.094 -4.873 -0.435 12.214 19.818 11.413 20.202 4.371 -4.868 0.477 0.453 2.834 2.652
1477010451250000 R 9.980 21.293 -2.698 10.080 21.070 -4.866 -0.552 11.887 20.107 11.090 20.579 -0.236 0.484 0.482 0.453 2.848 2.645
1477010451300000 L 9.996 20.980 0 9.837 21.039 -4.856 -0.669 11.887 20.107 11.090 20.579 -0.236 0.484 0.490 0.453 2.862 2.639
1477010451350000 R 9.382 21.111 -2.350 9.594 21.003 -4.843 -0.785 11.043 20.588 10.341 20.793 -4.127 0.549 0.492 0.452 2.854 2.633
1477010451400000 L 9.539 20.876 0 9.353 20.961 -4.827 -0.900 11.043 20.588 10.341 20.793 -4.127 0.549 0.496 0.451 2.846 2.627
1477010451450000 R 9.634 20.972 -2.849 9.112 20.913 -4.809 -1.014 10.093 20.690 9.877 20.827 -5.020 -3.010 0.498 0.450 2.837 2.624
1477010451500000 L 8.703 20.822 0 8.872 20.859 -4.789 -1.126 10.093 20.690 9.877 20.827 -5.020 -3.010 0.503 0.448 2.829 2.620
1477010451550000 R 9.846 20.009 -2.998 8.633 20.800 -4.766 -1.237 9.648 20.533 9.716 20.270 -0.157 -5.269 0.508 0.449 2.843 2.631
1477010451600000 L 8.223 20.484 0 8.396 20.736 -4.741 -1.347 9.648 20.533 9.716 20.270 -0.157 -5.269 0.516 0.449 2.856 2.640
1477010451650000 R 8.296 20.498 -3.204 8.159 20.666 -4.714 -1.455 9.891 19.944 9.348 20.069 0.689 -4.768 0.523 0.450 2.877 2.644
1477010451700000 L 7.886 20.450 0 7.924 20.590 -4.685 -1.562 9.891 19.944 9.348 20.069 0.689 -4.768 0.532 0.450 2.897 2.648
1477010451750000 R 8.291 20.657 -3.512 7.691 20.510 -4.653 -1.668 9.554 19.794 8.868 20.276 -0.340 -1.365 0.538 0.450 2.907 2.641
1477010451800000 L 7.180 20.392 0 7.459 20.424 -4.620 -1.772 9.554 19.794 8.868 20.276 -0.340 -1.365 0.547 0.448 2.917 2.633
1477010451850000 R 7.092 20.120 -3.326 7.229 20.333 -4.584 -1.874 8.970 20.181 8.479 19.966 0.685 -3.973 0.553 0.448 2.935 2.631
1477010451900000 L 6.815 20.186 0 7.001 20.236 -4.547 -1.975 8.970 20.181 8.479 19.966 0.685 -3.973 0.563 0.447 2.953 2.627
1477010451950000 R 6.894 20.154 -3.359 6.775 20.135 -4.509 -2.074 8.593 19.713 7.981 19.922 -1.110 -3.291 0.568 0.446 2.956 2.622
1477010452000000 L 6.389 20.014 0 6.551 20.029 -4.468 -2.171 8.593 19.713 7.981 19.922 -1.110 -3.291 0.577 0.445 2.958 2.616
1477010452050000 R 6.676 20.214 -3.502 6.328 19.918 -4.426 -2.266 7.927 19.701 7.389 19.918 -3.082 -0.451 0.580 0.444 2.952 2.612
1477010452100000 L 5.861 19.831 0 6.108 19.803 -4.382 -2.360 7.927 19.701 7.389 19.918 -3.082 -0.451 0.586 0.443 2.945 2.609
1477010452150000 R 5.282 19.504 -3.869 5.890 19.682 -4.337 -2.452 7.236 19.985 6.492 19.831 0.899 -1.931 0.587 0.442 2.963 2.602
1477010452200000 L 5.691 19.576 0 5.675 19.558 -4.291 -2.542 7.236 19.985 6.492 19.831 0.899 -1.931 0.588 0.441 2.979 2.595
1477010452250000 R 5.951 18.986 -3.803 5.461 19.428 -4.244 -2.630 6.450 19.711 6.304 19.249 -2.838 -4.104 0.590 0.440 2.973 2.591
1477010452300000 L 5.170 19.440 0 5.251 19.295 -4.195 -2.716 6.450 19.711 6.304 19.249 -2.838 -4.104 0.593 0.439 2.967 2.586
1477010452350000 R 5.874 19.301 -3.513 5.042 19.157 -4.145 -2.801 5.981 19.111 5.977 19.105 -3.857 -3.292 0.595 0.438 2.959 2.579
1477010452400000 L 4.891 18.982 0 4.836 19.015 -4.094 -2.883 5.981 19.111 5.977 19.105 -3.857 -3.292 0.600 0.436 2.951 2.572
1477010452450000 R 3.987 19.045 -3.991 4.633 18.869 -4.043 -2.964 5.616 19.094 5.650 18.627 -3.246 -2.271 0.603 0.436 2.944 2.566
1477010452500000 L 4.469 18.834 0 4.432 18.719 -3.990 -3.042 5.616 19.094 5.650 18.627 -3.246 -2.271 0.607 0.435 2.937 2.560
1477010452550000 R 4.692 18.463 -3.639 4.234 18.565 -3.937 -3.119 5.421 18.476 5.135 18.250 -5.885 -1.903 0.609 0.434 2.932 2.555
1477010452600000 L 4.263 18.481 0 4.039 18.407 -3.883 -3.194 5.421 18.476 5.135 18.250 -5.885 -1.903 0.613 0.433 2.928 2.550
1477010452650000 R 3.424 18.836 -4.536 3.846 18.246 -3.828 -3.266 4.748 18.315 4.720 18.050 -3.691 -1.103 0.615 0.432 2.921 2.548
1477010452700000 L 3.459 18.167 0 3.656 18.081 -3.773 -3.337 4.748 18.315 4.720 18.050 -3.691 -1.103 0.618 0.431 2.913 2.546
1477010452750000 R 4.301 17.927 -3.745 3.469 17.912 -3.718 -3.406 4.527 18.116 4.657 17.795 -1.124 0.153 0.622 0.430 2.912 2.553
1477010452800000 L 3.125 17.749 0 3.284 17.740 -3.662 -3.473 4.527 18.116 4.657 17.795 -1.124 0.153 0.628 0.429 2.910 2.559
1477010452850000 R 2.657 17.888 -4.421 3.103 17.565 -3.606 -3.538 4.609 17.832 4.051 17.506 0.787 -0.585 0.630 0.428 2.919 2.561
1477010452900000 L 2.945 17.815 0 2.924 17.387 -3.550 -3.602 4.609 17.832 4.051 17.506 0.787 -0.585 0.633 0.427 2.928 2.564
1477010452950000 R 3.266 17.090 -4.602 2.748 17.205 -3.493 -3.663 4.085 17.453 3.947 17.104 1.675 -2.493 0.638 0.426 2.943 2.559
1477010453000000 L 2.554 17.085 0 2.575 17.021 -3.437 -3.723 4.085 17.453 3.947 17.104 1.675 -2.493 0.643 0.425 2.958 2.554
1477010453050000 R 2.550 16.888 -3.825 2.404 16.833 -3.381 -3.780 3.897 16.935 3.370 16.789 -3.307 -3.684 0.645 0.424 2.951 2.548
1477010453100000 L 2.254 16.833 0 2.237 16.643 -3.324 -3.836 3.897 16.935 3.370 16.789 -3.307 -3.684 0.649 0.423 2.944 2.541
1477010453150000 R 1.577 16.049 -3.955 2.072 16.450 -3.268 -3.890 3.092 16.831 2.548 16.158 -5.061 -0.753 0.648 0.422 2.939 2.545
1477010453200000 L 1.890 16.105 0 1.910 16.254 -3.212 -3.942 3.092 16.831 2.548 16.158 -5.061 -0.753 0.648 0.421 2.935 2.548
1477010453250000 R 1.744 16.269 -4.003 1.751 16.056 -3.157 -3.993 2.315 16.351 2.267 15.992 -1.082 0.491 0.647 0.420 2.931 2.561
1477010453300000 L 1.447 16.085 0 1.595 15.855 -3.101 -4.041 2.315 16.351 2.267 15.992 -1.082 0.491 0.647 0.420 2.927 2.574
1477010453350000 R 1.610 15.553 -4.662 1.441 15.652 -3.046 -4.088 2.242 16.057 2.226 15.627 1.391 -2.770 0.648 0.418 2.937 2.570
1477010453400000 L 1.184 15.428 0 1.290 15.446 -2.992 -4.134 2.242 16.057 2.226 15.627 1.391 -2.770 0.650 0.418 2.945 2.565
1477010453450000 R 0.829 15.528 -4.274 1.142 15.239 -2.938 -4.177 2.210 15.409 1.808 15.392 -4.359 -2.434 0.650 0.417 2.940 2.562
1477010453500000 L 0.723 15.008 0 0.996 15.029 -2.885 -4.219 2.210 15.409 1.808 15.392 -4.359 -2.434 0.651 0.417 2.935 2.559
1477010453550000 R 1.031 15.213 -4.044 0.854 14.817 -2.832 -4.260 1.482 15.439 1.711 15.024 -0.663 -0.482 0.652 0.416 2.931 2.566
1477010453600000 L 0.737 14.705 0 0.713 14.603 -2.781 -4.299 1.482 15.439 1.711 15.024 -0.663 -0.482 0.654 0.416 2.928 2.573
1477010453650000 R 0.722 14.244 -4.698 0.576 14.387 -2.730 -4.336 1.688 14.933 1.230 14.371 -4.108 -5.033 0.654 0.415 2.923 2.568
1477010453700000 L 0.253 14.203 0 0.440 14.170 -2.679 -4.372 1.688 14.933 1.230 14.371 -4.108 -5.033 0.655 0.414 2.918 2.562
1477010453750000 R -0.033 13.960 -5.032 0.308 13.950 -2.630 -4.406 0.924 14.027 0.509 13.868 -6.108 -6.262 0.653 0.413 2.920 2.559
1477010453800000 L 0.459 13.686 0 0.178 13.729 -2.581 -4.439 0.924 14.027 0.509 13.868 -6.108 -6.262 0.652 0.412 2.924 2.556
1477010453850000 R 0.052 13.638 -4.991 0.050 13.507 -2.534 -4.471 -0.132 13.491 -0.008 13.461 -6.035 -6.403 0.651 0.411 2.926 2.554
1477010453900000 L -0.190 13.286 0 -0.076 13.282 -2.487 -4.501 -0.132 13.491 -0.008 13.461 -6.035 -6.403 0.649 0.411 2.930 2.551
1477010453950000 R -0.275 13.146 -4.456 -0.199 13.057 -2.442 -4.530 -0.457 12.929 -0.314 13.021 -2.226 -7.751 0.648 0.410 2.923 2.555
1477010454000000 L 0.046 12.930 0 -0.320 12.830 -2.397 -4.557 -0.457 12.929 -0.314 13.021 -2.226 -7.751 0.646 0.409 2.916 2.558
1477010454050000 R -0.685 12.356 -4.328 -0.439 12.601 -2.354 -4.583 -0.347 12.467 -0.606 12.427 -0.491 -8.068 0.645 0.408 2.912 2.563
1477010454100000 L -0.476 12.363 0 -0.555 12.371 -2.312 -4.608 -0.347 12.467 -0.606 12.427 -0.491 -8.068 0.643 0.407 2.909 2.568
1477010454150000 R -0.972 12.521 -4.432 -0.670 12.140 -2.271 -4.632 -0.495 11.785 -0.882 12.172 -0.182 -6.512 0.642 0.406 2.905 2.565
1477010454200000 L -0.583 12.039 0 -0.782 11.908 -2.231 -4.655 -0.495 11.785 -0.882 12.172 -0.182 -6.512 0.641 0.406 2.902 2.562
1477010454250000 R -1.268 11.650 -4.460 -0.893 11.675 -2.193 -4.676 -0.780 11.702 -1.122 11.686 0.151 -6.289 0.640 0.405 2.900 2.559
1477010454300000 L -1.172 11.399 0 -1.002 11.441 -2.156 -4.696 -0.780 11.702 -1.122 11.686 0.151 -6.289 0.638 0.404 2.898 2.555
1477010454350000 R -0.891 10.959 -4.103 -1.109 11.206 -2.120 -4.715 -1.008 11.193 -0.916 11.091 2.198 -6.108 0.637 0.404 2.905 2.551
1477010454400000 L -1.393 11.042 0 -1.214 10.969 -2.086 -4.734 -1.008 11.193 -0.916 11.091 2.198 -6.108 0.636 0.403 2.913 2.547
1477010454450000 R -1.299 10.901 -4.762 -1.317 10.732 -2.053 -4.751 -0.693 10.679 -1.138 10.761 0.089 -6.369 0.635 0.402 2.910 2.544
1477010454500000 L -1.497 10.420 0 -1.419 10.495 -2.021 -4.767 -0.693 10.679 -1.138 10.761 0.089 -6.369 0.633 0.402 2.907 2.541
1477010454550000 R -1.593 10.021 -4.757 -1.519 10.256 -1.991 -4.782 -1.043 10.306 -1.460 10.165 -2.850 -5.711 0.632 0.401 2.901 2.536
1477010454600000 L -1.619 10.237 0 -1.618 10.016 -1.962 -4.796 -1.043 10.306 -1.460 10.165 -2.850 -5.711 0.631 0.400 2.895 2.531
1477010454650000 R -1.597 9.966 -4.344 -1.715 9.776 -1.935 -4.809 -1.685 9.777 -1.586 9.834 -2.258 -6.475 0.630 0.399 2.889 2.528
1477010454700000 L -1.734 9.713 0 -1.811 9.536 -1.909 -4.822 -1.685 9.777 -1.586 9.834 -2.258 -6.475 0.628 0.399 2.883 2.525
1477010454750000 R -2.272 9.373 -4.639 -1.906 9.294 -1.885 -4.833 -1.827 9.385 -2.169 9.284 -3.642 -7.621 0.627 0.398 2.879 2.526
1477010454800000 L -1.938 8.770 0 -2.000 9.052 -1.862 -4.844 -1.827 9.385 -2.169 9.284 -3.642 -7.621 0.626 0.397 2.876 2.527
1477010454850000 R -1.966 9.133 -4.203 -2.093 8.810 -1.841 -4.853 -2.551 8.784 -2.028 9.031 -1.668 -6.410 0.625 0.397 2.870 2.524
1477010454900000 L -2.177 8.541 0 -2.184 8.567 -1.822 -4.862 -2.551 8.784 -2.028 9.031 -1.668 -6.410 0.623 0.397 2.864 2.521
1477010454950000 R -2.659 8.195 -4.312 -2.275 8.324 -1.804 -4.870 -2.236 8.593 -2.585 8.274 -6.575 -6.235 0.623 0.396 2.874 2.517
1477010455000000 L -2.219 8.153 0 -2.365 8.080 -1.787 -4.878 -2.236 8.593 -2.585 8.274 -6.575 -6.235 0.621 0.396 2.885 2.513
1477010455050000 R -2.273 8.523 -4.169 -2.453 7.836 -1.772 -4.884 -3.038 7.963 -2.286 8.233 -3.487 -4.599 0.620 0.396 2.881 2.508
1477010455100000 L -2.597 7.603 0 -2.542 7.592 -1.759 -4.890 -3.038 7.963 -2.286 8.233 -3.487 -4.599 0.619 0.397 2.877 2.503
1477010455150000 R -3.083 7.389 -3.626 -2.629 7.347 -1.748 -4.895 -2.587 7.909 -2.963 7.368 -6.591 -8.246 0.618 0.396 2.888 2.507
1477010455200000 L -2.799 7.064 0 -2.717 7.102 -1.738 -4.899 -2.587 7.909 -2.963 7.368 -6.591 -8.246 0.617 0.396 2.899 2.511
1477010455250000 R -2.794 7.208 -4.034 -2.803 6.857 -1.730 -4.903 -3.557 6.757 -2.871 7.165 -3.623 -6.205 0.616 0.395 2.895 2.507
1477010455300000 L -2.747 6.869 0 -2.890 6.612 -1.723 -4.906 -3.557 6.757 -2.871 7.165 -3.623 -6.205 0.615 0.396 2.892 2.504
1477010455350000 R -2.577 6.368 -3.357 -2.976 6.367 -1.718 -4.908 -3.258 6.645 -2.800 6.629 0.488 -5.472 0.614 0.396 2.890 2.499
1477010455400000 L -2.902 6.230 0 -3.061 6.121 -1.715 -4.909 -3.258 6.645 -2.800 6.629 0.488 -5.472 0.613 0.396 2.887 2.494
1477010455450000 R -3.502 6.108 -3.618 -3.147 5.876 -1.713 -4.910 -2.662 6.258 -3.310 6.183 -1.931 -5.978 0.611 0.396 2.881 2.490
1477010455500000 L -3.178 5.531 0 -3.233 5.630 -1.713 -4.910 -2.662 6.258 -3.310 6.183 -1.931 -5.978 0.610 0.397 2.876 2.486
1477010455550000 R -3.197 5.191 -2.991 -3.318 5.385 -1.715 -4.909 -3.367 5.664 -3.305 5.476 -0.105 -6.208 0.609 0.396 2.872 2.482
1477010455600000 L -3.430 5.105 0 -3.404 5.140 -1.718 -4.907 -3.367 5.664 -3.305 5.476 -0.105 -6.208 0.608 0.396 2.868 2.479
1477010455650000 R -3.428 4.946 -3.191 -3.490 4.894 -1.723 -4.905 -3.310 4.999 -3.402 4.966 -0.376 -6.094 0.607 0.395 2.863 2.475
1477010455700000 L -3.694 4.522 0 -3.577 4.649 -1.729 -4.902 -3.310 4.999 -3.402 4.966 -0.376 -6.094 0.606 0.395 2.859 2.471
1477010455750000 R -3.505 4.176 -2.363 -3.663 4.404 -1.738 -4.899 -3.461 4.448 -3.572 4.309 -1.250 -6.468 0.604 0.394 2.854 2.469
1477010455800000 L -4.002 4.047 0 -3.750 4.159 -1.747 -4.894 -3.461 4.448 -3.572 4.309 -1.250 -6.468 0.603 0.393 2.848 2.466
1477010455850000 R -4.064 4.110 -2.409 -3.838 3.915 -1.759 -4.889 -3.690 3.811 -3.834 3.930 -1.384 -6.916 0.602 0.392 2.843 2.464
1477010455900000 L -3.881 3.752 0 -3.926 3.670 -1.772 -4.883 -3.690 3.811 -3.834 3.930 -1.384 -6.916 0.601 0.392 2.837 2.463
1477010455950000 R -4.237 3.889 -1.550 -4.015 3.426 -1.787 -4.877 -4.043 3.349 -4.024 3.642 -2.402 -4.505 0.600 0.392 2.832 2.458
1477010456000000 L -4.151 3.220 0 -4.105 3.182 -1.803 -4.869 -4.043 3.349 -4.024 3.642 -2.402 -4.505 0.599 0.392 2.827 2.453
1477010456050000 R -4.275 2.882 -1.027 -4.196 2.939 -1.821 -4.861 -4.218 3.325 -4.248 2.919 -2.786 -6.884 0.598 0.391 2.822 2.452
1477010456100000 L -4.325 2.550 0 -4.287 2.696 -1.841 -4.852 -4.218 3.325 -4.248 2.919 -2.786 -6.884 0.596 0.391 2.817 2.450
1477010456150000 R -4.385 2.400 -0.776 -4.380 2.454 -1.862 -4.842 -4.509 2.358 -4.349 2.390 -2.441 -6.025 0.595 0.390 2.812 2.447
1477010456200000 L -4.612 2.092 0 -4.474 2.212 -1.884 -4.831 -4.509 2.358 -4.349 2.390 -2.441 -6.025 0.594 0.389 2.807 2.443
1477010456250000 R -4.293 1.929 0.364 -4.568 1.971 -1.909 -4.820 -4.577 1.867 -4.467 1.981 -2.545 -4.486 0.593 0.389 2.802 2.439
1477010456300000 L -4.868 1.534 0 -4.664 1.730 -1.934 -4.808 -4.577 1.867 -4.467 1.981 -2.545 -4.486 0.592 0.388 2.797 2.434
1477010456350000 R -4.982 1.436 0.871 -4.762 1.490 -1.961 -4.794 -4.713 1.593 -4.790 1.426 -2.684 -5.832 0.591 0.387 2.792 2.431
1477010456400000 L -4.668 1.286 0 -4.861 1.250 -1.990 -4.780 -4.713 1.593 -4.790 1.426 -2.684 -5.832 0.590 0.387 2.787 2.427
1477010456450000 R -4.986 1.109 1.072 -4.961 1.012 -2.020 -4.765 -4.933 0.954 -4.950 1.088 -2.760 -5.117 0.589 0.386 2.783 2.423
1477010456500000 L -4.855 0.826 0 -5.063 0.774 -2.052 -4.748 -4.933 0.954 -4.950 1.088 -2.760 -5.117 0.588 0.386 2.778 2.418
1477010456550000 R -4.847 0.181 1.756 -5.166 0.537 -2.085 -4.731 -5.146 0.631 -5.066 0.530 -3.051 -6.017 0.587 0.385 2.773 2.415
1477010456600000 L -5.123 0.257 0 -5.271 0.301 -2.119 -4.713 -5.146 0.631 -5.066 0.530 -3.051 -6.017 0.586 0.385 2.769 2.412
1477010456650000 R -5.998 -0.291 1.776 -5.378 0.065 -2.155 -4.694 -5.242 -0.018 -5.469 0.306 -3.527 -3.387 0.585 0.384 2.765 2.409
1477010456700000 L -5.300 -0.213 0 -5.487 -0.169 -2.192 -4.673 -5.242 -0.018 -5.469 0.306 -3.527 -3.387 0.584 0.385 2.761 2.406
1477010456750000 R -5.644 -0.145 2.506 -5.597 -0.402 -2.230 -4.652 -5.626 -0.011 -5.652 -0.016 -4.391 -2.393 0.583 0.385 2.759 2.405
1477010456800000 L -5.854 -0.446 0 -5.710 -0.634 -2.270 -4.629 -5.626 -0.011 -5.652 -0.016 -4.391 -2.393 0.582 0.386 2.757 2.404
1477010456850000 R -5.309 -0.724 3.304 -5.825 -0.865 -2.311 -4.605 -5.879 -0.219 -5.669 -0.649 -7.650 -1.223 0.581 0.385 2.771 2.409
1477010456900000 L -5.878 -1.269 0 -5.941 -1.095 -2.353 -4.580 -5.879 -0.219 -5.669 -0.649 -7.650 -1.223 0.580 0.386 2.784 2.413
1477010456950000 R -5.681 -1.529 3.255 -6.060 -1.323 -2.396 -4.554 -6.198 -0.518 -5.986 -0.402 -7.129 -0.564 0.579 0.389 2.793 2.420
1477010457000000 L -6.273 -1.509 0 -6.181 -1.550 -2.440 -4.526 -6.198 -0.518 -5.986 -0.402 -7.129 -0.564 0.578 0.394 2.802 2.427
1477010457050000 R -6.114 -1.760 4.187 -6.304 -1.776 -2.486 -4.498 -6.440 -0.339 -6.369 -0.191 -6.829 0.861 0.577 0.405 2.809 2.444
1477010457100000 L -6.340 -2.137 0 -6.430 -2.000 -2.532 -4.467 -6.440 -0.339 -6.369 -0.191 -6.829 0.861 0.576 0.418 2.816 2.460
1477010457150000 R -6.993 -2.174 3.856 -6.557 -2.223 -2.579 -4.436 -6.679 -0.073 -6.944 0.169 -6.926 3.597 0.575 0.441 2.823 2.502
1477010457200000 L -6.793 -2.446 0 -6.688 -2.444 -2.628 -4.403 -6.679 -0.073 -6.944 0.169 -6.926 3.597 0.575 0.466 2.829 2.542
1477010457250000 R -7.144 -2.676 4.248 -6.820 -2.663 -2.677 -4.368 -7.342 0.425 -7.395 0.261 -5.748 5.616 0.575 0.497 2.830 2.605
1477010457300000 L -6.800 -3.101 0 -6.955 -2.881 -2.727 -4.333 -7.342 0.425 -7.395 0.261 -5.748 5.616 0.574 0.529 2.831 2.666
1477010457350000 R -7.139 -3.220 4.173 -7.093 -3.097 -2.778 -4.295 -7.687 0.713 -7.751 0.400 -6.226 5.302 0.574 0.567 2.833 2.721
1477010457400000 L -7.121 -3.264 0 -7.233 -3.311 -2.830 -4.256 -7.687 0.713 -7.751 0.400 -6.226 5.302 0.574 0.607 2.835 2.774
1477010457450000 R -7.772 -4.090 4.418 -7.376 -3.522 -2.883 -4.216 -8.038 0.821 -8.356 0.079 -7.176 0.589 0.576 0.642 2.842 2.783
1477010457500000 L -7.490 -3.491 0 -7.522 -3.732 -2.936 -4.174 -8.038 0.821 -8.356 0.079 -7.176 0.589 0.577 0.678 2.848 2.793
1477010457550000 R -7.524 -3.882 4.645 -7.670 -3.940 -2.990 -4.130 -8.739 0.205 -8.723 0.261 -7.317 0.654 0.580 0.720 2.854 2.802
1477010457600000 L -7.880 -4.298 0 -7.821 -4.145 -3.044 -4.085 -8.739 0.205 -8.723 0.261 -7.317 0.654 0.581 0.764 2.860 2.811
1477010457650000 R -8.085 -4.578 4.653 -7.975 -4.349 -3.099 -4.038 -9.308 0.166 -9.234 0.036 -6.196 -0.109 0.585 0.804 2.861 2.815
1477010457700000 L -8.225 -4.798 0 -8.131 -4.549 -3.154 -3.989 -9.308 0.166 -9.234 0.036 -6.196 -0.109 0.587 0.846 2.862 2.820
1477010457750000 R -8.453 -4.956 4.322 -8.290 -4.748 -3.209 -3.939 -9.650 -0.053 -9.716 0.052 -6.607 -1.103 0.592 0.890 2.864 2.820
1477010457800000 L -8.336 -5.106 0 -8.452 -4.943 -3.265 -3.886 -9.650 -0.053 -9.716 0.052 -6.607 -1.103 0.595 0.934 2.865 2.819
1477010457850000 R -8.551 -4.792 4.405 -8.617 -5.136 -3.321 -3.832 -10.076 -0.081 -10.010 0.004 -6.748 -1.060 0.600 0.979 2.867 2.819
1477010457900000 L -8.915 -5.518 0 -8.784 -5.327 -3.377 -3.777 -10.076 -0.081 -10.010 0.004 -6.748 -1.060 0.603 1.025 2.869 2.819
1477010457950000 R -9.041 -5.694 4.696 -8.955 -5.514 -3.434 -3.719 -10.399 -0.159 -10.524 -0.167 -7.153 -2.739 0.609 1.069 2.872 2.815
1477010458000000 L -9.034 -5.803 0 -9.128 -5.699 -3.490 -3.660 -10.399 -0.159 -10.524 -0.167 -7.153 -2.739 0.613 1.113 2.875 2.811
1477010458050000 R -8.869 -5.420 4.474 -9.304 -5.880 -3.546 -3.598 -10.939 -0.442 -10.649 0.091 -7.578 -3.273 0.617 1.164 2.880 2.806
1477010458100000 L -9.308 -5.824 0 -9.483 -6.059 -3.603 -3.535 -10.939 -0.442 -10.649 0.091 -7.578 -3.273 0.620 1.214 2.884 2.801
1477010458150000 R -9.806 -6.412 4.727 -9.664 -6.234 -3.659 -3.470 -11.097 -0.240 -11.357 -0.052 -8.769 -2.482 0.626 1.263 2.895 2.797
1477010458200000 L -9.625 -6.560 0 -9.849 -6.406 -3.714 -3.403 -11.097 -0.240 -11.357 -0.052 -8.769 -2.482 0.631 1.312 2.904 2.793
1477010458250000 R -10.669 -6.355 5.088 -10.036 -6.574 -3.770 -3.334 -11.833 -0.210 -12.148 0.089 -8.960 -1.957 0.642 1.364 2.915 2.790
1477010458300000 L -10.225 -6.834 0 -10.226 -6.739 -3.825 -3.263 -11.833 -0.210 -12.148 0.089 -8.960 -1.957 0.650 1.417 2.925 2.786
1477010458350000 R -10.220 -6.710 5.055 -10.419 -6.901 -3.879 -3.190 -12.769 0.027 -12.408 0.016 -9.387 -0.558 0.659 1.468 2.937 2.786
1477010458400000 L -10.762 -7.292 0 -10.614 -7.058 -3.933 -3.116 -12.769 0.027 -12.408 0.016 -9.387 -0.558 0.665 1.520 2.948 2.785
1477010458450000 R -10.894 -6.833 5.086 -10.812 -7.212 -3.986 -3.039 -13.104 0.019 -12.836 -0.110 -8.044 -0.024 0.674 1.570 2.953 2.786
1477010458500000 L -11.222 -7.570 0 -11.013 -7.363 -4.039 -2.961 -13.104 0.019 -12.836 -0.110 -8.044 -0.024 0.681 1.621 2.957 2.786
1477010458550000 R -10.986 -7.371 4.904 -11.216 -7.509 -4.090 -2.880 -13.291 -0.058 -13.284 -0.028 -8.250 -0.005 0.690 1.673 2.961 2.787
1477010458600000 L -11.093 -7.678 0 -11.422 -7.651 -4.141 -2.798 -13.291 -0.058 -13.284 -0.028 -8.250 -0.005 0.697 1.725 2.966 2.787
1477010458650000 R -11.421 -7.461 4.893 -11.630 -7.788 -4.191 -2.713 -13.857 0.065 -13.667 -0.149 -7.802 0.270 0.705 1.775 2.968 2.787
1477010458700000 L -11.527 -7.822 0 -11.841 -7.922 -4.239 -2.627 -13.857 0.065 -13.667 -0.149 -7.802 0.270 0.711 1.826 2.970 2.788
1477010458750000 R -11.942 -7.883 4.497 -12.055 -8.051 -4.287 -2.539 -14.103 -0.095 -14.213 -0.012 -8.224 0.212 0.721 1.878 2.973 2.788
1477010458800000 L -12.090 -8.088 0 -12.270 -8.176 -4.333 -2.449 -14.103 -0.095 -14.213 -0.012 -8.224 0.212 0.728 1.930 2.977 2.787
1477010458850000 R -12.446 -8.021 5.277 -12.488 -8.296 -4.378 -2.358 -14.791 0.059 -14.719 -0.089 -7.086 0.598 0.737 1.982 2.976 2.788
1477010458900000 L -12.423 -8.260 0 -12.708 -8.412 -4.422 -2.264 -14.791 0.059 -14.719 -0.089 -7.086 0.598 0.745 2.033 2.975 2.788
1477010458950000 R -12.746 -8.194 4.470 -12.930 -8.523 -4.464 -2.169 -15.200 -0.039 -15.177 0.030 -7.307 0.657 0.754 2.085 2.975 2.788
1477010459000000 L -13.291 -8.646 0 -13.155 -8.629 -4.504 -2.072 -15.200 -0.039 -15.177 0.030 -7.307 0.657 0.761 2.137 2.974 2.788
1477010459050000 R -13.793 -8.472 5.019 -13.381 -8.730 -4.543 -1.973 -15.602 0.088 -15.921 -0.039 -7.931 1.244 0.773 2.188 2.975 2.789
1477010459100000 L -13.384 -8.576 0 -13.609 -8.826 -4.580 -1.872 -15.602 0.088 -15.921 -0.039 -7.931 1.244 0.783 2.239 2.977 2.790
1477010459150000 R -13.638 -8.263 4.288 -13.839 -8.917 -4.615 -1.770 -16.476 0.035 -16.129 -0.095 -7.697 0.070 0.792 2.288 2.977 2.788
1477010459200000 L -13.996 -8.993 0 -14.071 -9.003 -4.649 -1.666 -16.476 0.035 -16.129 -0.095 -7.697 0.070 0.799 2.338 2.977 2.785
1477010459250000 R -14.474 -8.796 5.129 -14.304 -9.084 -4.680 -1.561 -16.667 -0.118 -16.750 -0.046 -7.772 -1.174 0.809 2.387 2.978 2.781
1477010459300000 L -14.427 -9.188 0 -14.539 -9.159 -4.709 -1.454 -16.667 -0.118 -16.750 -0.046 -7.772 -1.174 0.817 2.436 2.978 2.777
1477010459350000 R -14.576 -9.326 4.587 -14.775 -9.229 -4.737 -1.346 -17.265 -0.158 -17.259 -0.094 -7.701 -1.848 0.827 2.484 2.978 2.773
1477010459400000 L -15.062 -9.044 0 -15.013 -9.294 -4.762 -1.236 -17.265 -0.158 -17.259 -0.094 -7.701 -1.848 0.835 2.532 2.978 2.769
1477010459450000 R -15.619 -9.694 4.685 -15.252 -9.353 -4.784 -1.125 -17.672 -0.231 -18.009 -0.170 -7.180 -5.275 0.847 2.578 2.976 2.774
1477010459500000 L -15.668 -9.567 0 -15.492 -9.406 -4.805 -1.013 -17.672 -0.231 -18.009 -0.170 -7.180 -5.275 0.857 2.624 2.975 2.780
1477010459550000 R -15.938 -9.358 4.287 -15.732 -9.454 -4.823 -0.899 -18.562 -0.479 -18.421 -0.362 -6.686 -2.960 0.869 2.667 2.972 2.778
1477010459600000 L -16.086 -9.598 0 -15.974 -9.496 -4.838 -0.784 -18.562 -0.479 -18.421 -0.362 -6.686 -2.960 0.878 2.709 2.969 2.776
1477010459650000 R -16.603 -8.855 4.379 -16.216 -9.533 -4.851 -0.669 -18.792 -0.520 -18.827 -0.453 -7.523 -1.236 0.888 2.751 2.968 2.772
1477010459700000 L -16.423 -9.370 0 -16.459 -9.563 -4.862 -0.552 -18.792 -0.520 -18.827 -0.453 -7.523 -1.236 0.896 2.791 2.967 2.768
1477010459750000 R -16.011 -9.335 4.252 -16.703 -9.588 -4.869 -0.434 -19.328 -0.488 -18.916 -0.566 -7.779 -0.330 0.903 2.830 2.967 2.764
1477010459800000 L -17.113 -9.430 0 -16.946 -9.607 -4.874 -0.316 -19.328 -0.488 -18.916 -0.566 -7.779 -0.330 0.908 2.869 2.967 2.760
1477010459850000 R -16.926 -10.857 4.579 -17.190 -9.620 -4.876 -0.196 -19.422 -0.573 -19.772 -0.536 -7.919 1.627 0.917 2.907 2.967 2.758
1477010459900000 L -17.545 -9.575 0 -17.434 -9.626 -4.876 -0.077 -19.422 -0.573 -19.772 -0.536 -7.919 1.627 0.925 2.944 2.967 2.755
1477010459950000 R -18.137 -9.391 4.177 -17.678 -9.627 -4.872 0.044 -20.306 -0.408 -20.333 -0.334 -7.706 2.448 0.935 2.983 2.967 2.754
1477010460000000 L -17.972 -9.423 0 -17.922 -9.622 -4.866 0.165 -20.306 -0.408 -20.333 -0.334 -7.706 2.448 0.942 3.020 2.967 2.753
1477010460050000 R -18.308 -9.188 3.996 -18.165 -9.611 -4.856 0.287 -20.799 -0.141 -20.530 -0.247 -6.333 2.152 0.950 3.058 2.963 2.751
1477010460100000 L -18.276 -9.610 0 -18.407 -9.593 -4.844 0.408 -20.799 -0.141 -20.530 -0.247 -6.333 2.152 0.955 3.095 2.960 2.749
1477010460150000 R -18.244 -9.585 4.303 -18.649 -9.570 -4.829 0.531 -20.851 -0.060 -20.785 -0.016 -6.889 0.935 0.961 3.133 2.958 2.745
1477010460200000 L -18.954 -9.515 0 -18.890 -9.540 -4.810 0.653 -20.851 -0.060 -20.785 -0.016 -6.889 0.935 0.965 3.171 2.956 2.741
1477010460250000 R -18.698 -9.029 4.208 -19.130 -9.504 -4.789 0.775 -21.143 0.182 -20.975 -0.455 -7.280 0.626 0.968 3.203 2.955 2.737
1477010460300000 L -19.298 -9.099 0 -19.369 -9.463 -4.764 0.897 -21.143 0.182 -20.975 -0.455 -7.280 0.626 0.971 3.235 2.953 2.733
1477010460350000 R -19.704 -8.799 3.647 -19.607 -9.415 -4.736 1.019 -21.422 -0.261 -21.436 -0.236 -6.056 3.756 0.974 3.267 2.950 2.733
1477010460400000 L -19.873 -8.964 0 -19.843 -9.361 -4.705 1.141 -21.422 -0.261 -21.436 -0.236 -6.056 3.756 0.977 3.299 2.947 2.733
1477010460450000 R -20.381 -7.675 3.682 -20.078 -9.301 -4.671 1.262 -21.747 0.106 -21.781 -0.268 -6.151 4.381 0.979 3.330 2.944 2.734
1477010460500000 L -20.161 -9.597 0 -20.310 -9.234 -4.633 1.383 -21.747 0.106 -21.781 -0.268 -6.151 4.381 0.981 3.359 2.940 2.735
1477010460550000 R -20.459 -9.745 3.795 -20.541 -9.162 -4.593 1.503 -22.048 0.113 -22.336 -0.106 -5.602 6.701 0.984 3.389 2.937 2.745
1477010460600000 L -20.660 -8.915 0 -20.770 -9.084 -4.549 1.623 -22.048 0.113 -22.336 -0.106 -5.602 6.701 0.987 3.418 2.933 2.754
1477010460650000 R -21.557 -8.500 3.506 -20.996 -9.000 -4.502 1.742 -22.637 0.291 -22.927 0.060 -7.536 4.477 0.991 3.447 2.933 2.754
1477010460700000 L -21.020 -8.851 0 -21.220 -8.910 -4.452 1.860 -22.637 0.291 -22.927 0.060 -7.536 4.477 0.993 3.475 2.934 2.754
1477010460750000 R -21.863 -8.641 3.333 -21.441 -8.814 -4.399 1.977 -23.465 0.137 -23.385 -0.070 -7.146 -1.164 0.997 3.500 2.933 2.755
1477010460800000 L -21.503 -8.872 0 -21.660 -8.712 -4.342 2.092 -23.465 0.137 -23.385 -0.070 -7.146 -1.164 1.000 3.525 2.933 2.756
1477010460850000 R -21.951 -7.413 2.775 -21.875 -8.605 -4.283 2.207 -23.738 -0.334 -23.390 0.014 -6.200 -0.924 1.002 3.550 2.931 2.757
1477010460900000 L -21.979 -8.571 0 -22.088 -8.491 -4.220 2.320 -23.738 -0.334 -23.390 0.014 -6.200 -0.924 1.003 3.573 2.928 2.759
1477010460950000 R -22.191 -7.704 3.305 -22.297 -8.373 -4.154 2.432 -23.667 -0.237 -23.609 -0.294 -4.375 -3.648 1.004 3.593 2.924 2.774
1477010461000000 L -22.584 -8.353 0 -22.504 -8.248 -4.086 2.543 -23.667 -0.237 -23.609 -0.294 -4.375 -3.648 1.004 3.613 2.920 2.789
1477010461050000 R -22.318 -8.578 2.905 -22.706 -8.118 -4.014 2.651 -23.604 -0.622 -23.848 -0.523 -1.918 -3.388 1.004 3.630 2.918 2.803
1477010461100000 L -22.986 -7.672 0 -22.905 -7.983 -3.939 2.758 -23.604 -0.622 -23.848 -0.523 -1.918 -3.388 1.004 3.646 2.916 2.818
1477010461150000 R -23.269 -8.320 2.376 -23.100 -7.842 -3.862 2.864 -23.751 -0.784 -24.141 -0.508 0.378 -1.879 1.004 3.661 2.921 2.825
1477010461200000 L -23.478 -7.566 0 -23.291 -7.697 -3.781 2.967 -23.751 -0.784 -24.141 -0.508 0.378 -1.879 1.004 3.675 2.925 2.832
1477010461250000 R -23.473 -7.021 2.957 -23.478 -7.546 -3.698 3.068 -24.124 -0.603 -24.348 -0.373 -0.664 0.708 1.004 3.690 2.925 2.831
1477010461300000 L -23.541 -7.361 0 -23.661 -7.390 -3.612 3.167 -24.124 -0.603 -24.348 -0.373 -0.664 0.708 1.003 3.703 2.925 2.830
1477010461350000 R -24.051 -6.570 2.637 -23.839 -7.229 -3.523 3.264 -24.428 -0.401 -24.631 -0.111 -1.738 0.929 1.002 3.716 2.923 2.829
1477010461400000 L -23.938 -7.262 0 -24.013 -7.063 -3.432 3.359 -24.428 -0.401 -24.631 -0.111 -1.738 0.929 1.002 3.729 2.920 2.828
1477010461450000 R -24.358 -5.941 2.270 -24.182 -6.893 -3.338 3.451 -24.745 -0.137 -24.891 0.031 -2.165 0.911 1.001 3.741 2.917 2.827
1477010461500000 L -24.257 -6.435 0 -24.347 -6.718 -3.242 3.541 -24.745 -0.137 -24.891 0.031 -2.165 0.911 1.000 3.752 2.913 2.827
1477010461550000 R -24.788 -7.184 1.933 -24.507 -6.539 -3.143 3.629 -24.987 -0.059 -25.220 0.126 -0.317 0.393 0.999 3.763 2.913 2.828
1477010461600000 L -24.301 -6.438 0 -24.661 -6.355 -3.042 3.713 -24.987 -0.059 -25.220 0.126 -0.317 0.393 0.998 3.773 2.913 2.829
1477010461650000 R -24.611 -6.009 1.890 -24.811 -6.168 -2.938 3.796 -25.344 0.045 -25.372 -0.064 -0.803 0.711 0.997 3.781 2.911 2.830
1477010461700000 L -25.146 -5.919 0 -24.955 -5.976 -2.833 3.875 -25.344 0.045 -25.372 -0.064 -0.803 0.711 0.996 3.789 2.909 2.831
1477010461750000 R -24.897 -5.023 1.814 -25.094 -5.780 -2.725 3.951 -25.506 -0.195 -25.504 0.020 -1.770 0.638 0.995 3.795 2.905 2.832
1477010461800000 L -25.194 -5.644 0 -25.228 -5.581 -2.616 4.025 -25.506 -0.195 -25.504 0.020 -1.770 0.638 0.994 3.801 2.902 2.834
1477010461850000 R -25.533 -5.440 1.921 -25.356 -5.378 -2.504 4.096 -25.659 -0.144 -25.744 -0.238 -0.694 0.335 0.993 3.805 2.900 2.837
1477010461900000 L -25.571 -5.102 0 -25.478 -5.171 -2.391 4.163 -25.659 -0.144 -25.744 -0.238 -0.694 0.335 0.992 3.809 2.897 2.840
1477010461950000 R -25.018 -6.559 1.927 -25.595 -4.962 -2.276 4.228 -25.862 -0.440 -25.886 -0.173 -1.070 0.483 0.991 3.812 2.894 2.843
1477010462000000 L -25.695 -4.900 0 -25.706 -4.749 -2.160 4.289 -25.862 -0.440 -25.886 -0.173 -1.070 0.483 0.989 3.814 2.891 2.846
1477010462050000 R -25.816 -4.407 1.633 -25.811 -4.533 -2.041 4.348 -26.011 -0.261 -26.066 -0.043 -1.521 0.513 0.988 3.816 2.887 2.849
1477010462100000 L -25.952 -4.267 0 -25.910 -4.314 -1.922 4.403 -26.011 -0.261 -26.066 -0.043 -1.521 0.513 0.987 3.817 2.883 2.852
1477010462150000 R -26.895 -4.440 0.843 -26.003 -4.092 -1.801 4.455 -26.192 -0.020 -26.451 0.389 -1.149 0.465 0.986 3.819 2.880 2.855
1477010462200000 L -26.120 -3.677 0 -26.090 -3.869 -1.679 4.503 -26.192 -0.020 -26.451 0.389 -1.149 0.465 0.985 3.820 2.876 2.859
1477010462250000 R -26.565 -3.857 0.594 -26.171 -3.642 -1.556 4.549 -26.505 0.439 -26.591 0.359 -1.147 1.282 0.984 3.821 2.872 2.860
1477010462300000 L -25.997 -3.247 0 -26.245 -3.414 -1.432 4.591 -26.505 0.439 -26.591 0.359 -1.147 1.282 0.982 3.821 2.869 2.862
1477010462350000 R -26.298 -3.011 0.431 -26.314 -3.183 -1.307 4.630 -26.638 0.467 -26.588 0.013 -0.245 1.220 0.981 3.819 2.866 2.863
1477010462400000 L -26.174 -2.879 0 -26.376 -2.951 -1.182 4.665 -26.638 0.467 -26.588 0.013 -0.245 1.220 0.980 3.817 2.862 2.865
1477010462450000 R -26.468 -3.450 0.454 -26.432 -2.717 -1.055 4.697 -26.531 0.086 -26.546 -0.041 -0.311 1.149 0.979 3.815 2.859 2.867
1477010462500000 L -26.674 -2.739 0 -26.482 -2.481 -0.928 4.726 -26.531 0.086 -26.546 -0.041 -0.311 1.149 0.978 3.812 2.855 2.869
1477010462550000 R -26.657 -1.724 0.497 -26.525 -2.245 -0.801 4.751 -26.642 0.008 -26.642 -0.010 -0.056 1.168 0.976 3.809 2.852 2.871
1477010462600000 L -26.669 -2.173 0 -26.562 -2.007 -0.673 4.773 -26.642 0.008 -26.642 -0.010 -0.056 1.168 0.975 3.805 2.848 2.873
1477010462650000 R -26.325 -1.323 0.423 -26.592 -1.767 -0.546 4.791 -26.681 0.057 -26.586 -0.028 -0.005 -0.185 0.974 3.801 2.845 2.880
1477010462700000 L -26.467 -1.532 0 -26.616 -1.528 -0.418 4.807 -26.681 0.057 -26.586 -0.028 -0.005 -0.185 0.973 3.797 2.841 2.887
1477010462750000 R -26.500 -2.195 -0.250 -26.634 -1.287 -0.290 4.819 -26.628 -0.037 -26.600 0.114 0.146 0.278 0.971 3.793 2.838 2.893
1477010462800000 L -26.600 -1.143 0 -26.645 -1.046 -0.162 4.827 -26.628 -0.037 -26.600 0.114 0.146 0.278 0.970 3.789 2.834 2.898
1477010462850000 R -27.201 -1.677 -0.162 -26.650 -0.804 -0.034 4.832 -26.584 0.130 -26.729 -0.388 -0.224 -0.513 0.969 3.784 2.831 2.907
1477010462900000 L -26.735 -0.595 0 -26.648 -0.563 0.094 4.834 -26.584 0.130 -26.729 -0.388 -0.224 -0.513 0.968 3.779 2.827 2.916
1477010462950000 R -26.989 0.035 -0.612 -26.641 -0.321 0.221 4.833 -26.752 -0.394 -26.783 -0.635 -0.003 -0.006 0.967 3.775 2.824 2.922
1477010463000000 L -26.455 0.060 0 -26.626 -0.080 0.347 4.829 -26.752 -0.394 -26.783 -0.635 -0.003 -0.006 0.965 3.770 2.820 2.928
1477010463050000 R -26.954 0.137 -0.730 -26.606 0.161 0.473 4.821 -26.929 -0.564 -26.864 0.032 1.132 2.080 0.964 3.765 2.817 2.928
1477010463100000 L -26.620 0.576 0 -26.579 0.402 0.598 4.810 -26.929 -0.564 -26.864 0.032 1.132 2.080 0.963 3.761 2.814 2.927
1477010463150000 R -26.824 0.382 -0.525 -26.546 0.642 0.723 4.797 -26.849 0.197 -26.835 0.130 1.533 1.511 0.962 3.756 2.811 2.928
1477010463200000 L -26.729 1.061 0 -26.507 0.882 0.846 4.780 -26.849 0.197 -26.835 0.130 1.533 1.511 0.961 3.752 2.807 2.929
1477010463250000 R -25.956 2.604 -0.380 -26.462 1.120 0.969 4.760 -26.763 0.277 -26.522 0.203 0.412 0.118 0.960 3.747 2.804 2.935
1477010463300000 L -26.399 1.422 0 -26.410 1.357 1.091 4.737 -26.763 0.277 -26.522 0.203 0.412 0.118 0.959 3.743 2.801 2.940
1477010463350000 R -26.507 -0.564 -0.675 -26.353 1.594 1.211 4.712 -26.507 0.313 -26.490 0.161 0.116 -0.009 0.958 3.739 2.798 2.946
1477010463400000 L -26.359 1.793 0 -26.289 1.828 1.330 4.683 -26.507 0.313 -26.490 0.161 0.116 -0.009 0.957 3.736 2.795 2.951
1477010463450000 R -26.348 1.828 -1.062 -26.220 2.062 1.448 4.652 -26.451 0.298 -26.409 0.389 0.464 -0.217 0.955 3.732 2.792 2.957
1477010463500000 L -26.250 2.185 0 -26.144 2.293 1.565 4.619 -26.451 0.298 -26.409 0.389 0.464 -0.217 0.954 3.729 2.789 2.963
1477010463550000 R -26.069 2.279 -0.856 -26.063 2.523 1.680 4.582 -26.296 0.502 -26.281 0.588 0.362 -0.457 0.953 3.725 2.787 2.970
1477010463600000 L -26.064 2.807 0 -25.976 2.751 1.793 4.543 -26.296 0.502 -26.281 0.588 0.362 -0.457 0.952 3.722 2.784 2.977
1477010463650000 R -26.323 3.024 -1.608 -25.884 2.977 1.905 4.502 -26.082 0.657 -26.200 0.297 -0.169 0.262 0.951 3.720 2.783 2.980
1477010463700000 L -25.834 3.420 0 -25.786 3.201 2.016 4.458 -26.082 0.657 -26.200 0.297 -0.169 0.262 0.950 3.718 2.781 2.984
1477010463750000 R -26.182 3.734 -1.436 -25.683 3.423 2.125 4.412 -26.060 0.376 -26.131 0.094 -0.327 0.626 0.949 3.717 2.780 2.986
1477010463800000 L -25.667 3.635 0 -25.574 3.642 2.231 4.364 -26.060 0.376 -26.131 0.094 -0.327 0.626 0.949 3.717 2.780 2.988
1477010463850000 R -25.577 3.133 -1.632 -25.460 3.859 2.337 4.314 -25.918 0.199 -25.931 0.318 -0.008 0.096 0.948 3.717 2.779 2.992
1477010463900000 L -25.749 4.000 0 -25.340 4.074 2.440 4.261 -25.918 0.199 -25.931 0.318 -0.008 0.096 0.947 3.717 2.778 2.995
1477010463950000 R -25.352 3.757 -1.706 -25.216 4.285 2.541 4.207 -25.732 0.298 -25.697 0.302 0.103 0.216 0.946 3.717 2.778 2.998
1477010464000000 L -25.021 4.528 0 -25.086 4.494 2.641 4.151 -25.732 0.298 -25.697 0.302 0.103 0.216 0.946 3.719 2.777 3.000
1477010464050000 R -24.272 4.309 -1.642 -24.952 4.700 2.738 4.093 -25.430 0.106 -25.074 -0.104 -3.401 -0.890 0.944 3.722 2.790 3.007
1477010464100000 L -25.036 4.885 0 -24.813 4.903 2.834 4.033 -25.430 0.106 -25.074 -0.104 -3.401 -0.890 0.943 3.725 2.803 3.013
1477010464150000 R -24.361 4.959 -1.974 -24.669 5.103 2.927 3.971 -25.304 -0.379 -25.111 0.015 0.087 -0.065 0.943 3.729 2.803 3.015
1477010464200000 L -24.504 5.353 0 -24.520 5.300 3.018 3.908 -25.304 -0.379 -25.111 0.015 0.087 -0.065 0.942 3.733 2.803 3.018
1477010464250000 R -24.438 5.246 -2.493 -24.367 5.494 3.108 3.844 -25.377 -0.155 -24.922 0.174 -0.068 0.265 0.941 3.738 2.804 3.020
1477010464300000 L -24.116 5.612 0 -24.210 5.684 3.195 3.778 -25.377 -0.155 -24.922 0.174 -0.068 0.265 0.941 3.743 2.805 3.021
1477010464350000 R -24.564 4.758 -2.652 -24.048 5.871 3.280 3.711 -25.163 0.215 -24.934 0.837 2.774 5.708 0.941 3.747 2.802 3.019
1477010464400000 L -23.915 5.944 0 -23.882 6.055 3.362 3.643 -25.163 0.215 -24.934 0.837 2.774 5.708 0.941 3.751 2.799 3.017
1477010464450000 R -23.549 6.445 -1.955 -23.712 6.235 3.443 3.574 -24.786 1.225 -24.599 0.793 2.691 0.804 0.941 3.755 2.796 3.016
1477010464500000 L -23.647 6.291 0 -23.538 6.412 3.521 3.504 -24.786 1.225 -24.599 0.793 2.691 0.804 0.941 3.761 2.793 3.016
1477010464550000 R -23.754 6.537 -2.306 -23.360 6.586 3.598 3.432 -24.425 0.898 -24.487 0.965 3.839 -1.431 0.941 3.766 2.790 3.021
1477010464600000 L -23.010 6.862 0 -23.178 6.755 3.672 3.360 -24.425 0.898 -24.487 0.965 3.839 -1.431 0.943 3.772 2.787 3.027
1477010464650000 R -22.786 5.741 -2.544 -22.993 6.921 3.744 3.288 -24.219 0.925 -23.866 0.461 0.114 -4.349 0.942 3.781 2.789 3.045
1477010464700000 L -22.699 7.063 0 -22.804 7.084 3.813 3.214 -24.219 0.925 -23.866 0.461 0.114 -4.349 0.943 3.789 2.791 3.063
1477010464750000 R -22.418 6.762 -2.970 -22.612 7.243 3.881 3.140 -23.853 0.182 -23.581 0.133 -2.068 -2.375 0.943 3.800 2.803 3.071
1477010464800000 L -22.508 7.315 0 -22.416 7.398 3.946 3.066 -23.853 0.182 -23.581 0.133 -2.068 -2.375 0.943 3.812 2.814 3.079
1477010464850000 R -22.054 7.855 -3.477 -22.217 7.549 4.010 2.991 -23.703 -0.000 -23.444 -0.079 0.147 -0.025 0.944 3.825 2.817 3.078
1477010464900000 L -22.195 7.695 0 -22.015 7.697 4.071 2.916 -23.703 -0.000 -23.444 -0.079 0.147 -0.025 0.945 3.839 2.820 3.078
1477010464950000 R -21.618 9.035 -2.708 -21.810 7.841 4.130 2.841 -23.434 -0.092 -23.275 0.003 0.891 -2.245 0.947 3.852 2.821 3.084
1477010465000000 L -21.647 7.940 0 -21.603 7.981 4.187 2.765 -23.434 -0.092 -23.275 0.003 0.891 -2.245 0.949 3.867 2.822 3.090
1477010465050000 R -21.864 7.787 -2.950 -21.392 8.117 4.242 2.690 -23.231 -0.155 -23.123 0.373 0.252 0.697 0.952 3.880 2.825 3.088
1477010465100000 L -21.085 7.832 0 -21.179 8.250 4.294 2.614 -23.231 -0.155 -23.123 0.373 0.252 0.697 0.955 3.894 2.829 3.086
1477010465150000 R -20.550 9.286 -2.605 -20.963 8.378 4.345 2.539 -23.027 0.339 -22.832 0.489 2.750 1.460 0.958 3.907 2.827 3.083
1477010465200000 L -21.052 8.510 0 -20.744 8.503 4.394 2.463 -23.027 0.339 -22.832 0.489 2.750 1.460 0.962 3.921 2.824 3.080
1477010465250000 R -19.926 9.408 -3.401 -20.524 8.625 4.441 2.388 -22.663 0.465 -22.351 0.517 3.979 0.611 0.965 3.936 2.821 3.077
1477010465300000 L -20.210 8.689 0 -20.301 8.742 4.486 2.314 -22.663 0.465 -22.351 0.517 3.979 0.611 0.969 3.950 2.818 3.075
1477010465350000 R -20.228 8.853 -2.811 -20.075 8.856 4.529 2.239 -22.127 0.469 -22.082 0.519 3.689 -1.147 0.972 3.966 2.815 3.076
1477010465400000 L -20.063 8.867 0 -19.848 8.966 4.570 2.165 -22.127 0.469 -22.082 0.519 3.689 -1.147 0.977 3.981 2.813 3.076
1477010465450000 R -19.926 8.782 -2.800 -19.619 9.072 4.609 2.092 -21.962 0.246 -21.786 0.344 3.382 -2.945 0.981 3.998 2.810 3.082
1477010465500000 L -19.486 8.967 0 -19.387 9.175 4.647 2.019 -21.962 0.246 -21.786 0.344 3.382 -2.945 0.987 4.015 2.808 3.087
1477010465550000 R -18.572 10.207 -3.307 -19.154 9.274 4.683 1.947 -21.714 0.047 -21.309 0.151 2.528 -3.372 0.991 4.034 2.806 3.094
1477010465600000 L -18.679 9.192 0 -18.919 9.370 4.717 1.875 -21.714 0.047 -21.309 0.151 2.528 -3.372 0.996 4.052 2.805 3.100
1477010465650000 R -19.282 8.982 -3.383 -18.683 9.462 4.749 1.804 -21.385 -0.172 -21.093 0.307 0.929 -1.733 1.001 4.071 2.808 3.102
1477010465700000 L -18.424 9.469 0 -18.445 9.550 4.780 1.734 -21.385 -0.172 -21.093 0.307 0.929 -1.733 1.008 4.089 2.811 3.102
1477010465750000 R -18.163 8.724 -3.971 -18.205 9.635 4.810 1.665 -21.110 0.175 -20.364 -0.318 1.936 -5.074 1.012 4.111 2.811 3.115
1477010465800000 L -17.774 9.725 0 -17.964 9.716 4.837 1.597 -21.110 0.175 -20.364 -0.318 1.936 -5.074 1.017 4.133 2.811 3.127
1477010465850000 R -17.230 9.978 -3.295 -17.721 9.795 4.864 1.530 -20.276 -0.637 -20.032 -0.456 3.621 -5.422 1.021 4.157 2.808 3.141
1477010465900000 L -17.344 9.881 0 -17.478 9.869 4.889 1.463 -20.276 -0.637 -20.032 -0.456 3.621 -5.422 1.027 4.180 2.806 3.154
1477010465950000 R -17.155 10.212 -3.664 -17.233 9.941 4.912 1.398 -19.579 -0.630 -19.793 -0.545 2.683 -5.201 1.033 4.204 2.805 3.165
1477010466000000 L -16.888 10.145 0 -16.987 10.009 4.934 1.334 -19.579 -0.630 -19.793 -0.545 2.683 -5.201 1.040 4.228 2.804 3.176
1477010466050000 R -16.596 10.108 -3.651 -16.740 10.074 4.955 1.271 -19.547 -0.890 -19.416 -0.484 0.807 -3.850 1.047 4.252 2.807 3.182
1477010466100000 L -16.515 10.309 0 -16.491 10.136 4.975 1.209 -19.547 -0.890 -19.416 -0.484 0.807 -3.850 1.054 4.276 2.811 3.187
1477010466150000 R -16.090 10.582 -3.716 -16.242 10.195 4.993 1.149 -19.271 -0.723 -19.211 -0.305 0.194 -2.358 1.062 4.299 2.817 3.188
1477010466200000 L -16.006 10.184 0 -15.992 10.251 5.010 1.090 -19.271 -0.723 -19.211 -0.305 0.194 -2.358 1.071 4.322 2.823 3.188
1477010466250000 R -15.723 10.410 -3.531 -15.742 10.304 5.027 1.032 -19.159 -0.452 -18.854 -0.315 -0.315 -1.613 1.080 4.345 2.830 3.187
1477010466300000 L -15.570 10.190 0 -15.490 10.354 5.042 0.975 -19.159 -0.452 -18.854 -0.315 -0.315 -1.613 1.090 4.369 2.838 3.186
1477010466350000 R -14.239 10.911 -4.223 -15.238 10.402 5.056 0.920 -18.876 -0.387 -18.134 -0.911 -0.881 -2.563 1.097 4.395 2.848 3.187
1477010466400000 L -14.936 10.472 0 -14.985 10.446 5.069 0.866 -18.876 -0.387 -18.134 -0.911 -0.881 -2.563 1.105 4.422 2.859 3.187
1477010466450000 R -14.724 9.635 -3.318 -14.731 10.488 5.081 0.813 -18.288 -0.926 -17.659 -0.875 0.290 -2.545 1.112 4.448 2.864 3.188
1477010466500000 L -14.409 10.222 0 -14.477 10.528 5.092 0.762 -18.288 -0.926 -17.659 -0.875 0.290 -2.545 1.121 4.474 2.870 3.188
1477010466550000 R -13.900 10.524 -3.803 -14.222 10.564 5.103 0.713 -17.539 -0.965 -17.320 -0.851 0.742 -3.611 1.129 4.500 2.874 3.191
1477010466600000 L -13.805 10.938 0 -13.967 10.599 5.113 0.665 -17.539 -0.965 -17.320 -0.851 0.742 -3.611 1.138 4.526 2.878 3.194
1477010466650000 R -13.396 10.786 -3.314 -13.711 10.631 5.122 0.618 -17.251 -1.039 -17.046 -1.479 0.680 -0.129 1.147 4.556 2.882 3.190
1477010466700000 L -13.356 10.552 0 -13.455 10.661 5.130 0.574 -17.251 -1.039 -17.046 -1.479 0.680 -0.129 1.158 4.585 2.886 3.187
1477010466750000 R -12.937 10.814 -3.744 -13.198 10.688 5.137 0.530 -17.217 -1.687 -16.806 -0.814 -1.046 -3.103 1.168 4.610 2.897 3.188
1477010466800000 L -12.959 11.010 0 -12.941 10.714 5.144 0.489 -17.217 -1.687 -16.806 -0.814 -1.046 -3.103 1.180 4.636 2.908 3.189
1477010466850000 R -12.252 11.250 -3.455 -12.684 10.737 5.151 0.448 -17.132 -0.591 -16.809 -0.466 4.497 1.028 1.194 4.659 2.905 3.186
1477010466900000 L -12.371 10.609 0 -12.426 10.759 5.157 0.410 -17.132 -0.591 -16.809 -0.466 4.497 1.028 1.210 4.682 2.902 3.183
1477010466950000 R -11.935 10.916 -3.361 -12.168 10.778 5.162 0.373 -16.518 -0.231 -16.307 -0.406 2.570 -5.072 1.223 4.705 2.901 3.189
1477010467000000 L -11.945 11.052 0 -11.910 10.796 5.167 0.338 -16.518 -0.231 -16.307 -0.406 2.570 -5.072 1.238 4.728 2.901 3.195
1477010467050000 R -10.970 10.968 -3.457 -11.652 10.812 5.171 0.305 -16.148 -0.740 -15.595 -0.690 -1.922 -8.208 1.250 4.752 2.916 3.215
1477010467100000 L -11.455 10.941 0 -11.393 10.827 5.175 0.273 -16.148 -0.740 -15.595 -0.690 -1.922 -8.208 1.263 4.776 2.930 3.235
1477010467150000 R -11.347 10.511 -4.450 -11.134 10.839 5.178 0.243 -15.765 -1.160 -15.343 -0.756 -6.735 -5.055 1.276 4.800 2.977 3.241
1477010467200000 L -10.601 10.682 0 -10.875 10.851 5.182 0.214 -15.765 -1.160 -15.343 -0.756 -6.735 -5.055 1.291 4.824 3.023 3.246
1477010467250000 R -10.656 10.837 -3.728 -10.616 10.861 5.184 0.188 -15.912 -0.949 -15.552 -0.586 -1.299 3.323 1.309 4.847 3.034 3.246
1477010467300000 L -10.414 10.875 0 -10.357 10.870 5.187 0.163 -15.912 -0.949 -15.552 -0.586 -1.299 3.323 1.328 4.870 3.045 3.246
1477010467350000 R -9.904 11.225 -2.909 -10.098 10.877 5.189 0.140 -15.511 -0.373 -15.104 -0.465 4.305 -1.958 1.346 4.892 3.042 3.244
1477010467400000 L -9.834 11.103 0 -9.838 10.884 5.191 0.118 -15.511 -0.373 -15.104 -0.465 4.305 -1.958 1.366 4.914 3.039 3.242
1477010467450000 R -10.195 10.350 -3.349 -9.579 10.889 5.193 0.099 -15.122 -0.713 -14.869 0.410 -1.452 -0.542 1.385 4.931 3.051 3.239
1477010467500000 L -9.307 11.035 0 -9.319 10.894 5.194 0.081 -15.122 -0.713 -14.869 0.410 -1.452 -0.542 1.406 4.949 3.063 3.236
1477010467550000 R -9.223 10.353 -3.203 -9.059 10.897 5.196 0.065 -14.940 0.469 -14.599 -0.154 4.180 1.037 1.427 4.969 3.060 3.233
1477010467600000 L -8.789 11.071 0 -8.799 10.900 5.197 0.050 -14.940 0.469 -14.599 -0.154 4.180 1.037 1.449 4.989 3.057 3.230
1477010467650000 R -8.839 10.032 -3.216 -8.540 10.902 5.198 0.038 -14.468 -0.250 -13.988 0.884 1.512 -7.309 1.468 5.004 3.059 3.243
1477010467700000 L -8.620 10.658 0 -8.280 10.904 5.198 0.027 -14.468 -0.250 -13.988 0.884 1.512 -7.309 1.489 5.019 3.060 3.257
1477010467750000 R -7.915 11.116 -2.987 -8.020 10.905 5.199 0.018 -14.117 0.519 -13.642 0.697 -7.024 -1.288 1.509 5.035 3.106 3.254
1477010467800000 L -7.520 11.000 0 -7.760 10.906 5.199 0.011 -14.117 0.519 -13.642 0.697 -7.024 -1.288 1.530 5.051 3.151 3.251
1477010467850000 R -7.260 10.646 -2.779 -7.500 10.906 5.200 0.005 -14.002 0.842 -13.251 0.745 2.193 2.710 1.550 5.066 3.150 3.250
1477010467900000 L -7.156 10.815 0 -7.240 10.906 5.200 0.002 -14.002 0.842 -13.251 0.745 2.193 2.710 1.572 5.082 3.150 3.249
